2437
3941
370
840
2641
2876
1843
2374
2938
361
4467
1674
3679
453
2711
2371
2031
3570
3124
2667
1122
4686
4575
2114
3639
3729
99
1357
4551
1445
2910
2472
1249
4814
2969
2043
1099
1078
3722
1637
4186
2471
1811
791
803
4156
514
1142
2567
1845
415
813
1376
2368
4505
4866
69
2324
2674
3869
1303
2247
3226
4969
1347
2191
4213
1315
3568
2908
3956
3814
1821
2503
4636
2042
4957
4136
199
3036
3548
4435
2982
2618
1436
3352
4072
4525
1426
4229
520
1229
1715
367
1906
4540
3021
2763
2186
1921
4655
413
3979
1088
4312
3440
2739
4065
3087
2109
1726
1240
1086
4171
1427
1259
3738
1852
60
2091
79
1066
466
2113
1871
601
3752
1719
2382
1851
2085
1385
1838
3333
2925
1332
1973
2887
1360
1797
4354
3999
3063
3061
1631
899
2935
4401
179
1849
3025
314
2281
2005
4573
2405
2392
2621
2729
4691
3030
208
4183
144
1061
1413
1636
1630
1125
3073
1165
3350
2262
4987
1791
1118
663
4463
1039
3413
3337
33
3719
3147
2596
1032
886
1241
4351
1155
4345
2408
2683
4783
3879
1328
3493
357
2424
4000
4941
935
2842
3839
2287
3356
3620
703
2791
750
117
3515
2921
2820
4641
3345
2741
4711
2344
1496
2149
781
4903
1733
1652
1720
3919
1696
4077
2822
184
2643
2788
480
4259
3745
2203
456
516
785
741
9
3430
350
379
3807
467
3707
2881
3368
1875
1899
3912
4227
738
433
580
694
4051
2010
396
4196
977
1020
1035
4633
4495
2770
2377
3127
3514
1688
133
1712
3176
3860
1464
141
2457
3676
4753
756
2898
1575
475
4491
2171
2823
3158
4951
2061
40
2161
2298
4729
4967
1205
2616
4914
2623
312
947
4716
1132
4013
777
2576
3263
1573
905
1034
3206
3618
1333
4501
1314
3111
4508
4692
3816
2699
746
3499
3484
3156
4095
3525
507
3777
3173
2407
2406
1244
2385
717
1804
653
2724
313
1669
4427
699
2226
2217
1070
1689
4895
4262
2660
2019
3909
3205
4226
3323
1346
4399
4212
4374
980
2361
2283
1233
4698
3759
942
352
3344
2979
3181
4485
3108
171
3079
1425
1737
1662
3222
63
686
714
3713
120
2144
27
3372
602
2078
4898
986
1170
557
1542
1734
1754
631
2817
2328
1691
4230
4191
1942
4597
2026
4580
2431
3367
1223
3109
2439
1166
1302
4999
2294
3390
3761
4114
326
121
4980
2055
3128
3046
2541
4208
2495
292
4646
1541
3261
1640
2311
4365
4929
2426
4594
3803
421
3135
4147
4731
3545
3394
4064
2829
2410
3779
3943
2832
1565
426
3105
2469
3207
1945
932
3159
4723
3238
4353
2839
2491
2399
26
2562
4465
1823
929
978
3331
2726
1358
2948
1510
1276
4279
2650
2545
1548
4922
2568
3015
1999
3256
4120
4824
1879
1819
3479
4453
838
3949
616
383
3506
497
4131
4900
4160
3255
3887
2166
4021
3658
904
4382
4940
2433
1874
4526
1585
4678
4722
4143
4165
4689
4517
191
2173
339
438
447
3660
458
1255
2978
1254
635
223
3441
3343
4281
3377
3393
3360
4379
384
2514
1555
216
3190
3617
1628
3535
74
590
3100
723
2318
4754
4971
4708
2802
1955
2714
2441
2880
3145
4436
796
4363
4055
4810
3706
2843
2664
4250
709
4500
3859
4740
2214
982
3933
137
4695
2644
1686
4761
3406
1956
4721
4280
373
4307
1536
4433
4924
1750
3068
1370
1379
4893
4419
2304
793
3964
2369
3607
3804
368
3455
2375
619
2002
2931
3659
3005
3272
1839
1300
3342
4464
3894
2008
19
2868
4248
2635
1512
212
104
3844
4877
1869
1675
2338
1803
3641
563
1123
1128
595
2648
4696
2903
3423
3443
206
3160
4267
4002
2947
1428
716
1965
4743
355
1503
522
3967
1481
1847
4024
3872
2389
897
2958
1476
3396
4276
2709
1798
3662
4550
1971
629
1537
2689
398
1633
1736
1898
2073
3215
4347
218
424
2710
4040
946
3754
4813
1834
1322
4261
1583
1230
391
317
715
4800
2443
214
4528
448
1121
3655
1962
664
4179
4006
2949
4486
851
3820
1655
2018
1597
1063
4843
3650
3509
2420
4875
479
1152
1047
3516
2358
2962
4518
3566
2932
4481
2487
4083
3772
1861
1519
23
4830
915
64
2357
3654
2269
4472
3000
4232
1304
3817
3714
876
1087
2177
127
984
4823
3900
2220
3285
3551
858
3640
4421
612
3572
656
1487
71
4192
2332
3065
2242
4038
658
4533
1600
1530
4328
3810
340
263
4775
832
2481
1374
330
4413
883
1880
2413
4454
4381
1321
4443
461
2040
229
4715
180
4197
1764
4155
1319
1775
1331
18
3990
843
1998
1395
2072
4727
3867
3150
3935
1969
2126
190
1210
4318
1709
1718
3891
2212
2550
2460
2056
3723
4211
1551
148
327
3768
2933
3628
1033
4306
4548
2425
2513
2025
2450
3511
3214
3166
1475
2989
4905
4816
3123
1502
1594
2138
867
4403
3163
2024
2913
1405
979
3436
1384
1261
244
4283
4305
297
2039
1970
4123
414
4543
1024
531
1805
823
2608
1114
3819
2352
151
4870
3853
1690
237
3517
1535
3700
3701
3605
4085
3815
2451
3013
3031
3354
1273
1673
4894
4015
2656
4797
4238
3264
3744
1813
3032
1622
3277
2849
28
236
1790
752
2231
3632
2818
1366
702
3913
2957
799
2694
1485
2963
66
4616
4071
3691
2429
2565
2737
4974
289
4503
158
676
1990
1309
755
1085
4298
622
3232
2542
760
1092
1075
2496
1232
3629
1888
1398
4545
4595
3610
911
3929
2102
3838
2555
4161
1185
2830
4166
114
2378
3698
2652
4572
2185
2577
2345
1029
3782
660
3027
983
1412
4737
3533
6
4909
2734
3531
3677
1323
4244
783
2462
533
4302
5
363
1131
2663
3382
3118
4253
506
4626
4431
3121
3784
3683
1670
526
1705
894
403
252
1735
1468
1292
123
1524
4561
4423
2067
4061
2570
928
20
4361
4712
4899
550
3975
1953
2029
4854
4537
296
3835
4975
2363
4523
517
1243
4201
478
3472
573
4989
307
163
1227
129
3519
1598
3216
1143
1915
2992
2535
2416
637
645
987
3407
4319
2965
1748
2074
2380
3846
1968
3741
4291
1526
3202
3725
2546
1498
2350
2587
2195
4765
1410
2722
2604
1624
2971
4249
3076
1891
3523
4215
1298
4985
491
1557
1724
1046
2315
1179
1707
4016
2068
4441
1602
2891
2224
2877
1808
3234
3016
2210
399
38
2245
4672
2804
4701
272
2835
463
3720
3910
2934
3230
2146
2289
3512
2824
910
4209
1038
4412
86
3445
4210
3486
2423
907
4785
3773
648
849
1299
276
2670
3026
808
4725
3288
617
302
1773
2900
4926
1469
604
2747
3380
4817
1052
4878
1774
4236
3144
1567
2155
963
2585
205
3039
916
4834
3193
881
4028
3541
3140
4140
4928
1666
3425
3750
3092
761
4153
762
3319
451
1089
4667
4952
502
647
1505
1002
1354
4821
4603
675
3595
75
1341
1442
1201
2787
2918
3575
4425
2414
1458
4906
4977
3758
2772
2865
3866
2136
4787
1278
3995
3585
569
3668
1473
322
423
378
3965
3856
2188
410
2204
4917
4744
599
4986
417
3670
774
1608
3836
154
3939
1291
1893
161
11
2053
3518
492
1192
3064
4535
551
4388
476
776
3308
1191
2796
2857
201
4644
4241
1842
1204
2976
1344
2128
2684
1277
1904
3746
4736
1569
1924
3904
1914
4268
70
3335
1743
1293
4050
2038
1492
3294
2531
3302
1226
4988
2941
666
2675
3107
729
3937
1753
4607
1833
4059
3681
4490
1693
271
2638
960
667
2196
3915
586
2347
1422
1795
2953
51
1465
4054
1115
2988
1738
4758
4300
380
4591
3862
3018
3307
1531
1857
1934
1865
782
349
4096
4090
994
3487
3003
2365
1680
309
1006
3923
3502
185
887
4920
2223
1361
3038
3494
1941
4996
1439
3557
2004
118
1939
2678
2421
3172
4003
784
3644
2402
2316
2333
3252
3734
3724
4562
1454
3742
4942
1447
1787
2099
4950
4979
2836
2964
2394
2811
4444
2183
2605
3253
882
4554
2189
603
4216
2215
4763
2482
462
2179
568
2326
3982
3576
4048
1979
2774
844
2682
1153
2558
285
3314
4652
2902
1943
766
1817
1776
737
2554
3185
62
145
2861
4115
3992
3672
2125
2444
3188
753
3475
4925
2874
1491
2111
3094
2130
3385
3789
2569
2478
1026
1553
1289
530
1912
1976
3625
2105
4437
1760
900
1274
2759
3958
394
1930
1671
1815
4409
3268
1051
2522
1136
4707
919
2054
2489
2329
4081
4733
4521
397
198
1154
464
805
3154
566
3861
819
3778
1632
3733
1023
2810
1288
748
3409
243
4751
2398
4060
470
3242
593
168
3169
4624
4044
725
4767
790
4622
1402
914
3673
4794
2236
2216
513
2346
1030
1008
1646
1964
4451
3649
4104
4126
1437
657
3829
3419
2050
2613
325
431
1239
4961
2730
1060
1744
3117
2046
3962
2264
279
3883
4860
730
3966
1269
831
4923
4385
3699
4263
3730
4037
3296
3421
1977
2754
925
1975
4541
1497
1889
2158
4983
1936
800
2507
1022
1563
1901
1605
2720
3050
809
2998
293
4604
3985
2467
1751
678
4842
459
3008
1004
3552
4805
4429
3558
372
3747
315
2782
3325
3925
2134
3257
4022
1654
1449
614
3597
3824
337
2917
968
1772
3802
988
3749
848
993
3463
4333
3012
1995
4566
3606
3695
958
85
2122
1916
1801
3710
4289
3024
2680
1514
377
30
3805
4117
2011
751
528
2841
1663
865
2086
2184
2972
3103
304
1397
2695
288
4671
2603
1048
2767
2886
132
1196
46
2744
4375
3290
3647
3642
1263
3832
1603
3448
4007
3689
4252
4005
2852
3775
2805
1169
3550
4506
4372
3886
1528
1069
12
2127
109
228
2853
2147
280
4664
1717
3330
4130
1186
4070
4445
457
445
107
1683
1056
3451
3184
1126
754
1453
3414
3850
922
1324
1757
696
245
4784
1252
4680
2386
2112
615
4598
3326
4400
981
2518
3785
1015
4660
1870
2590
3553
401
1003
1927
4164
3060
969
924
1523
2629
4815
1408
1499
2336
1653
234
4310
1504
2780
2854
1885
8
3932
734
4446
2238
1224
845
443
3633
621
4838
4367
4982
4606
1129
3471
1658
3386
3410
4882
1343
1577
4174
4414
4621
4884
2937
1389
3918
2573
1606
3267
689
775
402
4288
581
124
1040
3765
162
277
4316
1727
3324
2044
1731
4739
3069
1167
1831
4407
4362
1881
4154
2249
4157
3737
4344
4995
1021
3727
1270
1694
4756
1312
4380
4994
488
4904
2779
4885
3578
4304
3852
896
3583
565
976
3286
1268
4032
2159
3556
2256
1522
1284
2064
2848
4369
4102
4327
2419
4269
1149
80
1217
1365
4275
250
2736
558
3218
598
4602
1409
183
3567
3284
281
2732
4970
561
4335
948
3416
2525
1455
2174
2564
884
2702
1077
670
1841
4459
1441
3017
1353
2089
4530
3884
1213
4845
779
2093
262
772
4439
839
47
4484
1294
1406
3849
1367
341
392
856
1400
1411
1281
732
16
2218
3201
3492
4426
82
2520
4527
1627
34
1251
2500
1418
3890
3429
2475
1768
2563
553
4583
68
3200
1228
4376
920
3527
299
3126
3609
2498
4669
2250
1342
3248
359
3209
2993
3963
1074
1589
1206
2751
1701
1183
3938
3434
3996
4089
2708
197
3818
2536
3042
4732
2178
2391
4258
807
2743
1330
4991
3526
4750
889
2718
4752
4199
4497
1587
2871
100
1937
1667
2400
527
4251
1187
3075
2582
4052
3400
2609
4568
2649
3983
3491
2278
2735
3322
3403
931
4124
4755
2252
2254
3840
3236
3974
465
3907
255
1545
2878
693
727
4062
4386
189
1586
591
2309
2124
1954
2581
4406
4194
1404
3229
1461
794
1083
4163
4519
2244
4889
2584
320
45
740
323
3427
210
2806
3369
2465
1188
173
4802
408
2801
4079
5000
3680
1134
2150
3198
2706
434
2693
483
1068
1554
3449
1012
2566
827
1592
469
3282
4233
4569
2307
4034
3981
3195
2227
1549
4665
1182
3726
90
3675
2403
1045
3197
1947
4617
669
1958
4320
2800
3555
2037
4317
972
562
215
2813
651
2553
1742
2515
2940
965
1272
735
956
4592
1430
4984
3972
4637
1009
3764
3611
2731
4822
1926
3549
219
152
3911
1053
3718
4411
606
2070
4760
4890
4919
3435
2266
705
3458
186
2219
2980
1517
419
3476
381
1100
266
2270
2412
1234
3899
2679
3132
1593
4827
36
3231
4029
2692
4450
4217
2340
4141
701
3951
2661
96
4683
3496
2827
642
1830
1098
943
1714
1283
4180
3269
874
1448
4387
1641
4852
3780
318
554
24
4837
3175
2651
3615
2066
4220
1466
4902
1105
2116
4321
2012
2395
4391
3798
2803
4629
4981
3045
153
710
873
3795
2248
2528
1081
3944
2950
3182
1679
866
4631
4933
3133
2082
4896
4408
4271
3054
764
3874
3004
4522
4074
4741
1345
1793
2020
172
1755
3946
4809
1285
4297
217
4828
2904
4204
1209
3546
2098
4198
2572
1546
2991
3947
4190
3735
1728
1199
2246
4563
3048
4309
1777
2404
3192
1338
1317
4790
1792
3571
2727
2589
1407
4556
2912
220
2956
1390
2015
166
662
3989
2052
859
4078
4577
4820
2799
2058
927
600
4340
811
1253
4394
2397
4811
3295
1515
3114
1306
1102
1438
3586
1104
3082
3638
2883
4618
1189
959
2154
406
102
926
473
2929
2118
2559
3693
3304
4240
3837
3488
3379
3997
3978
3792
4968
3953
1756
4589
2152
119
4041
3130
1462
880
3208
1572
2045
2928
578
798
2337
1013
1218
3881
1042
1722
274
1200
1220
211
486
1140
3428
2181
2422
233
3373
2494
3228
3318
275
3339
3381
2526
2775
3624
945
1643
2984
3717
802
542
1540
437
1059
3148
646
552
390
2427
1168
2815
2745
2611
2323
342
4046
1895
974
570
2719
2162
14
441
681
3278
1732
1305
2145
2633
837
1538
636
1446
3125
1138
3715
2967
2263
3283
1486
2383
369
4659
3924
2370
1049
4023
704
4939
2537
310
739
835
4677
1931
940
3876
4803
3760
567
509
4690
2265
1812
592
336
1588
4630
389
2100
1041
2360
3359
1638
1778
864
4628
3709
3157
2240
284
3057
4749
2855
3490
3896
1151
2560
576
778
765
4338
2275
4109
4138
508
2356
871
3740
4964
3646
1172
4620
1120
2920
2617
4009
4883
2160
891
3086
898
1145
952
585
3049
446
4449
3637
4247
2139
4097
2583
2477
1508
1984
4747
964
1197
4108
1010
3579
1158
758
3902
3769
1162
256
3930
2645
143
4314
4356
4840
2228
261
4705
1991
22
4170
3138
1463
353
2703
328
1933
780
1211
2862
3602
4222
3023
2588
3470
4558
575
4483
3378
3461
3411
2006
3811
836
3180
3653
4466
2241
2123
868
4218
4844
4538
3056
3240
4632
3338
3210
3495
1335
711
3085
613
4088
3857
2331
87
4676
4699
857
1264
329
4792
131
1883
2601
4685
1080
1648
1198
2334
795
2897
2396
2107
3168
316
2132
4511
1980
1820
3748
992
854
3858
3994
2765
3868
4728
3019
3071
4026
2325
2915
3102
1763
1994
1451
2260
2790
1913
3705
3973
2415
1014
3291
2571
3080
13
504
923
4585
4128
1609
4873
2781
4959
1159
539
4225
674
3312
3162
130
1031
1180
4110
625
3704
973
2229
1781
364
1527
2658
895
365
2901
4270
953
412
2733
3582
583
4681
2140
3893
10
1919
420
3626
643
1828
2797
3186
1050
2875
113
1695
4422
2170
812
147
2272
2895
4256
3732
2076
2461
3014
2103
869
962
3223
1202
3364
955
3035
3808
4927
4476
2453
2899
2885
247
94
2926
1119
3203
3971
2258
3559
4134
3270
3320
584
1616
2856
1595
611
1854
2556
4331
2936
4349
4221
110
560
3674
2059
2701
3371
188
3821
4648
91
4552
4035
2612
3645
3630
4619
3631
4724
1533
1377
3316
4092
1678
510
4963
500
112
1176
4688
1800
3589
2007
2688
2579
4798
181
333
4862
416
4836
4177
1711
2606
4277
1470
1112
532
4853
3317
2354
3657
4121
4953
3244
4710
3916
3895
2784
1900
3058
2847
2750
2516
1260
3084
3095
3332
39
2873
671
1858
4886
268
989
4100
1796
817
4962
2440
2221
652
2539
4489
4001
1564
4188
3110
4293
1434
826
724
108
1096
4694
1741
3485
2786
1474
2778
4871
3452
4651
230
4027
708
690
3300
2686
2243
3433
1866
1612
736
31
4004
3678
1184
3521
1911
632
2639
1730
2681
1860
2115
1480
4921
4272
2167
400
4457
1484
2148
1596
3363
1822
4614
654
4766
1203
4135
1863
3310
770
2306
2665
719
1467
2291
2438
32
4978
4536
4127
503
3399
3096
2712
1071
2197
1887
3505
4273
2698
4017
4348
2209
2602
1139
1649
3404
1147
829
4416
2995
2959
3301
3152
3833
3341
2687
1482
2300
4825
2717
624
371
2295
3142
1494
3687
3131
3389
3143
3464
2521
1025
2192
833
3954
888
3167
3697
1827
165
1684
224
2906
4175
4779
3334
4323
3908
298
334
4106
733
235
4303
4965
2889
1639
3106
1287
4972
3696
2372
1903
4888
1091
471
4609
3544
938
1214
3587
906
3830
4039
3153
3483
668
1160
3474
2502
852
311
2014
2049
4581
3002
3099
4278
1950
3477
4513
4066
319
3648
2721
3022
537
2762
4479
3174
2985
555
2757
170
718
2952
192
3702
460
1403
1909
1809
1258
3336
4956
382
4564
4377
4658
196
3402
3297
4159
3204
3823
665
4045
4137
4706
4846
3311
4107
2119
1380
2851
3439
2869
388
951
4255
4841
3120
3984
4469
2533
4036
4168
2384
4856
2742
3059
1547
3083
178
3066
3280
691
404
757
3796
3703
4649
4442
3274
1472
259
4176
917
3408
511
546
4746
1986
2092
1456
1825
1356
731
2647
4471
1483
4420
4780
3508
2697
1961
4167
3986
1978
3842
3081
3259
83
2351
253
2032
1265
2769
3664
630
3309
1506
494
3415
3164
1617
707
3348
3327
3901
2096
4334
4018
1618
712
2104
2285
3961
2812
4666
248
3671
3454
1325
2141
2016
3622
3783
4645
103
4958
1771
55
1802
2090
2448
941
4623
4428
3877
2271
2789
1280
4405
2428
2640
4576
1862
4590
2723
2434
374
549
2677
4116
2713
3500
2009
1765
1095
3067
3097
2776
3250
4456
4152
4567
1256
3863
3405
700
4859
1918
4818
2905
4774
1452
1672
2083
21
2945
1127
4719
1479
3871
3574
2087
2172
3889
1769
1988
1837
3112
2923
1884
1582
2975
3179
3321
2632
3432
921
4118
493
4234
3122
4473
4290
1780
1279
305
4482
3931
2035
4745
2080
4468
687
4847
3936
2466
4726
2237
122
3271
3822
2508
1238
3781
4945
2488
238
4207
787
2696
3788
4579
2728
1706
1334
303
1581
626
1181
1101
4011
3418
4520
3374
4049
4343
2586
1471
2023
3041
3347
3260
295
1832
4769
1329
499
2208
825
4713
3686
159
2768
149
4274
1415
1613
2156
4601
3716
4368
1311
4205
1708
3456
1444
3247
1957
1225
745
2108
2230
3848
348
2884
1867
4162
2436
4460
1850
605
1019
1141
4350
249
4371
3221
4858
1578
4150
1824
356
2785
4390
4936
498
4404
430
2317
1391
4091
58
2233
2690
239
2182
1856
892
89
4833
1677
3089
4661
2048
17
954
3870
4578
1762
1490
2206
2319
3855
830
4056
487
4073
1173
1959
4861
3196
2485
2595
4789
1561
4891
4242
3246
442
4819
1591
3806
2280
4461
3619
4997
893
2353
175
2239
3224
885
1716
405
4829
672
1848
4516
1761
1907
3661
4098
1290
1320
454
2234
1097
4033
4285
806
855
1966
1493
930
1767
1108
4430
2867
3771
4515
2202
3258
2519
2232
2379
98
1219
2
3520
3712
540
3692
1440
2837
2499
3685
3115
589
2746
1619
1262
1700
4245
3072
2292
1423
4611
4653
3503
1297
697
501
3366
3093
2510
422
4187
3977
649
1788
3395
3052
4553
2864
683
35
3584
160
3906
2165
1055
4042
726
3438
1908
4504
2168
1770
3841
3957
4907
3482
4697
4544
2838
3355
3799
3361
2211
1656
4738
535
202
3598
4955
187
3534
4496
428
3340
2464
3636
182
3851
1840
1005
1601
2622
2041
73
1928
4231
997
834
3328
1518
3569
749
1946
4693
1599
3397
4918
2593
4966
4195
534
3457
1296
240
2523
4901
2456
2795
789
4384
1758
4682
4615
4299
3313
4992
3897
3864
1084
3743
2388
4734
759
4103
1250
3708
2364
4214
1929
4640
4047
4613
1659
633
1011
273
1094
3137
354
574
1067
1948
1784
42
4063
3273
4868
1387
4101
4142
2142
3504
4571
142
3051
2013
556
1509
3991
572
2349
4788
2199
1846
2888
797
3959
3711
3383
640
1157
961
828
439
2151
4193
2816
134
3245
3927
3034
1960
4282
850
2057
529
3450
1313
1171
3536
3088
3921
1610
4801
2600
4144
3165
1248
4876
3952
3
3736
4287
4998
1989
870
2305
3892
4392
4826
1058
3920
3189
4383
3873
2630
3528
3151
587
936
985
3113
3880
3581
1399
3299
4717
688
1507
2685
358
440
1818
3453
2470
4075
1910
2468
3225
545
801
1665
61
4178
1
2153
4625
72
2845
4094
3998
37
2607
4
3770
4105
3481
278
4570
1457
283
821
4145
485
638
4125
174
4337
4786
125
3011
2752
1371
1386
2484
4532
4949
4908
1615
4393
3465
1647
1393
1676
4654
4311
222
2872
2954
1478
2943
618
455
4679
1897
54
3183
1559
544
300
3599
232
3478
2968
2636
1634
3370
4539
2314
484
4684
4534
3265
3062
4292
3469
1611
2320
934
3613
3134
290
78
4336
2896
1752
609
706
971
3762
4341
1339
1682
4477
1580
2480
449
1037
3590
4507
937
860
1699
1076
2501
1111
2343
225
3608
4770
3178
1614
376
76
3467
2544
4014
4773
1681
3922
452
1246
2951
1729
95
4848
2297
2981
1629
2308
577
4559
4246
3459
496
4185
106
375
3800
792
814
680
2700
97
4200
990
3928
3281
481
4709
3940
3426
4243
3843
3241
1337
207
2592
2986
2047
3588
1687
150
2255
4874
1835
2598
677
2373
169
3903
3513
3623
2452
908
4284
2627
875
918
3447
52
1429
639
1109
4799
3243
4146
2077
4857
879
2273
282
4067
872
4867
77
7
4148
177
2793
2610
3090
3398
4864
822
4872
3020
3694
3040
1692
2676
1017
1212
111
695
2859
1766
861
2561
3934
2907
3391
4480
3656
3424
650
2538
2927
3651
227
4512
3917
1310
3786
3667
3009
2200
3501
4806
1579
4897
2557
4418
2483
661
4315
767
1148
1952
2715
722
4937
4948
1590
2826
2974
3417
2794
294
597
3580
2486
547
912
3540
53
4080
1807
1779
4219
909
4656
2549
2063
3594
1785
2417
1584
395
4313
1177
345
2505
1207
548
4529
4099
477
1416
409
1082
2666
2892
3262
4855
1520
2551
3721
4053
1932
1721
1064
3898
81
3466
2286
4879
1997
474
3593
1113
3960
2504
564
4542
3635
2657
3774
1710
1401
2021
3170
3233
4976
264
4031
1460
1886
4793
1135
2548
2866
957
3787
4778
4069
1103
4286
4181
3422
3139
4869
1864
3194
2942
1349
2367
2924
2446
3547
3828
204
4339
1981
863
4931
4668
4076
4308
4239
3601
2101
2543
265
2131
4781
4458
3592
3604
4587
862
2540
4224
1368
3074
254
2081
1417
2060
3950
3560
607
4396
1525
195
176
1236
135
950
559
966
3091
1500
644
1644
4913
1231
2435
4132
4266
4748
1922
4915
1963
209
685
4673
1090
3797
1621
2175
4807
418
2442
2225
2814
3412
2288
3365
3854
1190
4440
2578
3510
2517
101
4850
335
4475
2655
4182
4865
2777
432
4582
505
3357
2850
1414
3401
331
4605
3047
4524
901
1421
4415
4608
1175
4880
771
2401
2028
4912
4960
1235
3542
543
1925
3614
3793
3292
3293
3177
1783
3537
1348
2321
3498
194
2758
1215
1073
2987
3529
1392
2846
2614
3612
1668
308
1163
2259
2163
2282
138
2458
3480
3437
1282
4113
2387
4944
3757
4133
4257
2509
1759
164
2065
1992
1626
2479
3211
4424
4488
4093
2939
4657
2707
4254
820
1124
1362
136
2944
3266
3362
623
1917
1657
1065
4474
2662
2164
3303
2430
1378
146
3969
2253
3129
4359
3141
1940
996
2749
1044
4735
524
267
2753
3539
4119
231
2418
2034
2882
773
251
1568
1424
1327
346
721
2447
1749
3968
260
203
4373
4068
3043
2303
2088
2313
1635
2919
2691
2834
4804
519
3116
4417
2833
3755
2916
841
2624
3442
2411
3078
4494
608
610
4432
1383
2312
1318
156
2653
1117
4600
804
3603
949
4610
4398
1829
2137
2946
3305
1623
2327
2671
3882
4019
126
3219
4670
2194
4357
105
2821
3753
2454
1996
1388
3825
4235
4139
3827
1799
4111
2844
3287
1178
2512
878
2532
4172
258
2393
291
2506
344
1872
4502
2809
3826
4795
286
3794
4935
1876
4087
155
3227
3522
1894
3926
4499
4639
3212
944
1723
4584
2766
2362
3053
2879
2783
2284
3616
25
1194
56
1133
3845
332
4389
3766
49
3554
525
2110
435
4326
3634
3993
3669
1443
4447
1007
1001
515
4531
2654
1574
1739
2580
2574
4112
2760
1028
3955
588
2003
44
116
2955
3055
853
2129
4662
4346
1651
2740
3596
999
128
1382
4612
2376
720
3497
2552
2922
1286
2591
2474
2773
472
427
1267
3942
3564
3682
1000
2463
810
3387
1363
4057
4892
4509
713
2084
3751
1340
2187
970
4324
4782
3237
3010
890
2996
3970
3663
742
1576
2705
3791
387
4938
257
4322
4650
1107
270
1923
3945
1431
512
1539
1806
4764
241
4498
1043
2094
2547
2575
4943
1661
3033
3101
2381
366
3187
2117
3149
4364
3220
2213
1369
1985
659
2302
3276
4487
1890
4796
2615
3573
2027
2599
1016
4301
4812
4742
1036
3249
3346
998
1316
2341
2033
1350
1544
747
3028
1275
269
2079
4395
2261
3289
2890
193
4771
2798
1054
847
4718
2966
3315
1373
2631
4768
1359
3217
3136
167
3070
386
1093
3392
4438
4574
1394
84
3191
2511
4355
1620
92
4547
57
4643
2646
4638
2359
3988
571
2348
4030
2310
3444
3888
1396
495
2597
3329
41
1516
3563
1725
1855
3298
2534
2994
877
3728
596
3561
3562
2863
2390
1949
4704
1868
1459
2342
4008
3987
2133
343
1560
594
4448
1920
3146
1144
4947
4642
1951
3905
1905
221
913
43
655
1222
2274
4470
1375
2911
1987
3665
4203
4122
975
385
763
4776
673
3489
2207
2251
1137
1351
4759
4730
679
2870
1079
769
684
2193
1974
4675
4560
3976
1435
1562
1826
362
4973
4703
2840
4020
3098
306
4808
628
242
1489
4295
436
4329
620
2792
1242
1432
4184
3251
3731
523
4265
933
226
1836
1814
88
3468
3275
4434
489
4839
2626
4402
4330
3029
1513
4189
2628
3239
4720
2831
842
2459
2808
4930
490
1878
2716
4237
3621
3306
2449
4514
2366
1740
411
2409
2914
1571
1336
903
1972
2819
3763
3460
1844
2529
2121
48
347
579
4687
1247
2961
991
2222
1146
1488
4762
2069
3684
157
2490
1257
1747
1660
1495
4366
3358
2476
518
3801
902
4954
1993
3279
29
4635
4010
4916
4478
682
468
4202
1983
728
2180
1216
93
360
2279
2030
65
1607
4510
4565
2530
2748
3001
2738
1308
2497
3431
3349
4397
393
2276
1625
2205
1130
1237
1245
967
2201
3161
3507
2257
3812
1713
2355
1164
2990
3878
3885
1746
2000
338
1372
2135
4851
4772
4887
1307
4714
1195
627
2169
1433
3690
1935
2290
692
4911
246
2445
321
4663
1208
1156
3652
2756
743
1896
2106
3847
4223
3254
3376
2625
4555
4151
2668
4546
3591
3524
2669
818
59
1301
4757
1550
2036
2017
2143
1355
4342
1786
4835
2095
1873
4169
4596
2704
4462
521
4586
1193
2075
2673
634
3199
1364
1271
115
4158
4173
2277
768
4557
2999
301
2894
4455
4634
2268
2493
2977
2335
4260
1027
3119
1782
2619
407
351
4700
2322
4012
1018
816
139
3044
3875
2001
2330
2825
140
4360
1221
1702
1501
3037
4832
4082
4599
4881
744
1381
4370
2120
4932
3980
4410
3420
1529
3375
2097
3790
2997
1521
2930
2301
4086
1938
1982
1745
1419
429
3388
2190
1789
4206
1174
1604
2858
641
3688
1650
995
2157
1558
4264
1664
3809
3384
2970
4228
1685
4149
541
698
2071
4990
2672
3643
3813
2299
1543
2725
3834
3756
3473
4492
425
2755
4863
4084
1110
846
1295
2022
1698
1944
3213
2339
2909
2293
4358
2960
1704
3155
1810
1703
1532
2176
1967
3532
3077
1161
2860
1794
1106
3530
4946
1859
3767
3104
2659
2637
3666
1853
2051
1057
3739
4849
482
1450
815
4043
3007
4549
4025
1072
4910
4647
939
3577
536
2983
1697
3538
2642
538
3914
4934
50
2198
450
2771
4129
3353
4452
444
2062
4627
1816
1556
213
3543
4378
786
1902
4058
4593
1534
2527
1892
2296
4588
788
1326
4702
2492
4791
2267
4352
2807
2594
2973
3006
4993
2764
2473
67
1570
3600
3776
3565
1150
1352
824
3865
1266
4296
4294
2235
2620
3351
3627
2634
3948
3171
1062
1882
15
2893
2828
1511
4831
287
324
3831
2455
1477
1420
2524
1552
4493
4332
1877
582
2761
3235
2432
3462
4674
3446
4777
1116
1642
1645
1566
200
4325
