5245
6676
6372
3753
3353
785
8200
876
8392
8931
4684
3192
3616
524
9879
7861
1626
4212
2896
5677
5680
6703
3839
4794
3837
3580
257
8358
1823
6748
1832
3358
1950
6488
3319
3337
7414
5591
1130
7501
1429
6648
2906
3779
311
9668
8751
360
7982
7316
6153
3404
1153
2654
545
9485
9346
816
9103
259
6184
9212
7061
7600
1287
635
5850
3277
7314
3729
1410
1633
5954
9448
2467
2835
5072
5822
1252
5329
5588
9384
5922
9176
4438
2565
8777
2778
4726
4570
8367
7945
6425
6345
5921
8635
5844
7647
971
4128
9074
7889
101
4545
8505
4744
8948
3047
6847
2103
2922
2322
9767
4003
4947
8730
7965
1004
2404
754
1868
8556
4172
8453
9433
335
6920
1787
4419
8822
154
3262
9109
5299
168
7960
6573
9076
6166
6863
3722
678
7287
4811
4775
1253
5959
4183
1358
2563
3510
435
4550
8102
631
8721
7620
9090
3943
9192
7612
9483
7935
4909
8036
9011
681
3273
2937
74
1735
5060
2496
6344
219
2007
7509
1663
8311
7128
3824
9168
9118
7535
5626
3565
6987
5748
3541
1074
3939
3020
2928
3446
9903
9915
6171
1597
489
9221
9946
5163
1351
9144
1649
8352
606
9723
4049
5220
7798
9549
8941
5422
1932
6375
7063
9349
774
4582
8018
7840
2259
6833
7755
9588
5972
3629
5547
4564
2994
6663
8660
7882
8502
2105
6875
7721
7715
2751
4244
2645
72
4439
5472
6767
3018
3704
2163
2082
8582
6016
4358
2384
9534
6440
6493
8827
6252
2803
9782
4990
9196
6358
6064
6499
1180
2054
9153
8729
1043
2038
7259
1265
7726
6240
4930
5158
7930
8602
4420
1049
4206
6219
4056
190
9949
3743
1094
8092
4553
7164
1569
6237
1759
6004
2583
3257
9132
9972
1893
6371
8384
1718
6081
9515
5683
1845
7482
9540
9352
9345
5517
2226
9128
446
3021
993
9149
3093
856
1612
4362
8691
6071
5975
2593
6816
2351
9094
2710
2216
8897
7880
6717
4218
2122
3816
5633
4288
6128
7897
8406
1320
6476
5534
6155
7644
6334
2260
1965
5206
5112
636
9106
942
4780
1458
614
542
3745
2401
1470
144
1971
5288
9292
4431
9926
5092
2979
8701
8098
3539
1618
5690
7117
2538
749
3335
6580
8949
2493
2104
5529
455
463
9831
518
9516
3868
2790
5198
1722
3570
3297
5065
8038
2135
6080
9334
5391
7598
4867
9228
1887
4698
9373
7734
2066
7350
9191
192
2531
6797
2993
729
1235
1655
5261
8915
5320
452
7619
6449
8824
429
4552
4082
4788
3699
2693
6584
9353
2861
9766
3456
2773
1917
6830
8071
4614
87
7423
2147
9423
5797
1328
7885
3053
2682
555
4411
2756
9790
7567
8545
4596
5978
4822
2053
9556
1545
4338
9847
8143
812
2271
215
5139
7392
5176
7692
6185
1730
5689
1402
7106
4630
4347
3916
5663
1211
7639
7499
3187
6342
5031
1536
8517
2775
9679
9890
8757
8021
6175
8738
208
1127
663
4394
7497
5370
7323
3244
2182
5967
7555
7270
1112
8109
2722
7363
226
2914
4725
2155
2349
1766
354
1714
1032
2344
6616
1668
7039
6955
1978
6884
3814
1217
776
4664
5568
5556
6280
2621
8774
9851
6292
5614
2390
5650
8865
3056
6707
116
1709
2048
1348
5924
666
3031
2002
4147
1818
5823
1488
6489
2603
7333
2655
4207
9814
4771
8510
5146
3137
4515
1869
1322
2430
86
5312
5833
1799
8025
123
5808
4884
3043
8026
8882
3835
9100
4349
757
2899
3087
6832
8858
4473
3758
4695
7543
1816
4054
3944
121
7896
3040
5957
4782
5053
5535
3309
7936
4220
151
3951
2004
1380
7481
385
7729
3243
598
6473
9327
3508
8138
6140
4712
9383
8190
8666
1232
9844
9224
7793
8674
6097
117
5878
1455
1615
9095
6311
7488
5345
8565
4418
2986
7671
3100
416
3724
5865
6335
2200
6546
5542
2241
8514
6068
7181
3029
3256
4479
9855
5237
4675
8274
2784
1323
3414
9717
2115
1605
4091
1940
2521
5519
4324
2294
8112
2951
9849
6555
7610
9266
5067
3780
5463
8859
5476
2980
128
3426
617
9621
6601
7808
650
4597
4763
6977
7217
7863
9562
36
9246
3210
8447
93
2037
440
1123
256
9579
5296
6661
5630
3730
6348
9755
2495
607
6840
8094
5868
1954
2060
4426
299
9598
9891
4591
9019
3209
7126
9422
9411
707
1815
5445
5812
7589
3532
5194
9527
7747
5143
9539
8165
9431
3537
9948
6602
4012
2843
4459
4104
2028
8001
6770
8957
2213
960
6164
3364
9606
820
3852
2405
2510
2887
9759
346
3673
9043
6051
1561
3464
6482
7454
4150
5356
5818
1405
283
2171
5565
7446
8085
8683
8755
6194
9881
5015
7395
5861
9571
6327
1233
4923
7077
6470
2162
169
3734
7174
5664
6380
8195
7815
1936
1184
4421
5932
6089
9488
2909
6098
5039
95
4006
4186
9744
7470
8283
7088
1834
2754
5994
8728
904
9732
3512
8355
5075
4084
9791
8192
2031
831
1269
7800
1911
2297
1941
4233
4271
1100
3711
8256
2853
7512
1493
6378
6165
1053
9960
3598
2550
1463
7467
1544
7937
6434
9623
9886
7627
491
6993
5109
1115
4088
9331
9162
4896
965
7869
9104
7783
2971
6238
8008
7794
7744
7462
3775
4342
2265
5203
8525
9023
2927
3774
9341
3879
1300
381
9453
4657
6029
4887
7099
7412
4087
3854
5492
426
980
7040
3131
6532
7389
2606
7387
5781
7812
7745
9435
8723
4454
6690
8480
83
3206
9309
8080
1383
5704
7494
1212
4339
7967
3491
5407
7260
1332
810
2347
6747
6817
8435
4723
6043
3917
290
5144
8228
698
551
9786
4071
8172
3398
4304
6284
1208
4967
5424
9381
474
7767
2017
1151
5102
9307
2109
705
4636
3423
8065
9158
5702
936
8580
6697
2572
5986
813
8308
7508
10
9734
2626
2177
5594
8889
9358
1583
5516
7850
4743
2008
249
7547
4622
9219
6272
197
4938
3307
9457
9788
6547
3142
4840
3317
4968
2858
471
59
3251
4192
6189
5151
5537
2702
6859
7546
804
2442
4036
8990
9348
7066
4292
3700
9659
6083
8876
3381
8988
9939
4085
4917
8895
7784
3535
7226
5305
6708
7607
8950
2380
6186
7645
1565
4141
4173
2958
3884
1740
5746
2515
4890
5114
6211
5149
4272
5793
8104
479
6791
1749
391
6231
3746
2842
1637
6782
6020
2665
4542
5558
4862
8002
5301
4203
1594
9340
6353
2339
6737
8332
3504
8457
9561
1507
153
1598
1510
1311
2798
2357
17
174
6504
1424
3518
7725
4860
3169
3802
1480
1154
530
7185
9961
8864
3755
3993
7336
9548
4261
9355
8045
8087
5944
8970
9724
2377
5756
6927
3754
6232
6612
8804
4647
81
3690
7636
2369
9751
7838
5563
3418
6856
510
9012
1029
8304
985
5870
9719
6317
5438
9385
9304
24
9917
5736
4644
6633
6437
8137
8430
699
7886
3072
3458
9735
2792
4443
7076
5985
6716
9273
9951
9795
9547
2631
8239
4755
4376
2635
1453
4786
2856
5447
436
3004
4375
2553
352
1864
1540
8850
8446
1192
6003
2577
5610
8020
6046
4100
1101
4213
6053
8023
5331
3636
3716
5273
1691
8360
7232
9840
4488
2878
8449
5334
1254
1557
1774
6110
5033
3741
4112
9601
6439
2446
3836
6876
5688
8526
6604
3742
7173
6313
962
8301
4562
9498
6158
6027
4432
9816
473
2807
9248
2490
145
1606
4490
6187
9241
8183
8130
5584
741
3880
1870
664
5303
7027
4660
4839
991
3628
7100
82
1035
9671
4115
1723
7343
4643
8717
8129
3162
6407
1840
1523
3034
906
5504
1534
7825
6494
1745
2588
9563
4549
2973
2513
8878
2731
2305
5055
8178
2982
112
7599
7722
6217
511
7267
6398
2191
2368
2426
9447
5448
5615
9291
9033
5498
1660
2688
5179
1464
6721
3788
7037
4483
7582
6207
836
382
2329
639
6491
8292
7609
6479
3148
9188
4070
2968
7381
247
8843
8938
1132
2904
4238
2757
9396
152
126
1183
6997
2881
4386
403
726
8652
9177
1987
849
8615
248
5487
6161
3032
3581
9727
975
1496
7200
3822
260
2597
9015
394
293
2809
2286
1986
5227
2753
6750
7394
706
7824
2011
5531
225
6168
7097
2752
7347
4904
2169
5071
2987
5400
3384
4380
3747
1196
7823
8834
8088
847
1661
8395
1423
858
7283
4543
4970
2511
2174
4856
8863
8540
3304
2808
5533
7524
1110
843
2168
8718
4373
786
2360
708
3219
9289
8934
6508
9559
438
2789
6364
3677
9518
8049
1001
4321
4528
569
5787
9726
4161
1193
6205
109
8432
6569
3400
4026
3208
1327
9029
3511
9195
5278
7215
2965
7548
3441
9699
1719
8307
7411
6891
805
5668
4429
7511
9503
801
6368
3591
9157
6131
194
3645
9046
1805
7626
6829
6958
8252
3327
8653
7489
5384
2596
3152
7495
688
5259
7538
826
4398
2318
6853
2354
8773
5409
9856
4364
8336
1354
8047
4189
6638
7772
7166
5344
2334
8610
775
9573
9921
4345
2049
3659
5551
3909
8431
7068
5419
8956
4064
8439
773
1476
3717
5772
5156
4752
2486
4945
8029
8811
6664
9075
9543
3062
8187
2392
9988
3554
3680
3113
5544
6700
1588
1147
2859
2124
3606
9558
6229
5415
4393
2228
234
3502
2612
6893
2220
8932
3469
5627
7693
28
1580
7353
9749
2062
5540
5503
4585
8303
6226
4481
1289
5316
3812
3859
5485
829
7587
8790
533
8288
5011
357
1262
3799
9829
8972
5079
1939
3888
9658
4314
6316
6552
3809
5672
9199
8805
6450
9216
9261
9686
799
1313
7998
8913
5225
2959
1239
6518
6551
5057
5452
71
5620
2938
4489
1344
4181
4125
8389
7758
4611
8557
7122
5634
8338
3086
8119
8339
4982
4039
3777
9536
316
552
652
8331
716
4673
7234
6765
5020
9569
7346
1219
9936
4144
7050
7530
2383
7614
1121
536
2518
7949
2813
1005
9416
2677
5418
5780
4325
7797
1143
3466
9975
480
7205
2582
6394
4392
7763
1502
7372
6959
1072
3698
9838
7971
5429
1694
4427
4250
7156
4893
9620
8077
5043
5088
4410
6733
5671
9099
6422
9739
9728
5090
2427
8515
9283
8954
777
5703
897
7586
1368
1997
3601
147
2396
238
894
1497
2080
1810
5923
395
9937
2464
5319
944
9113
6809
1866
1188
5021
2388
1902
332
9504
5392
2738
561
2487
164
2432
2800
2520
8629
5465
6139
6587
1908
7386
4841
1039
2745
5406
3275
8262
9276
6514
8461
8141
7677
8079
7123
8194
6282
182
8840
913
2032
700
4330
8368
2770
6801
493
5834
9380
2894
1061
2112
6230
9994
4430
9408
7003
5008
4910
55
106
9958
2630
6025
5006
3660
4892
3471
597
9264
405
229
6622
1927
3416
5041
3931
2126
4610
633
4097
7691
57
8797
5950
3714
3978
8806
4167
4425
9275
7443
326
7877
3336
1855
490
5506
6766
4221
5546
1436
8263
1992
5755
4299
3974
9646
313
3359
8532
1503
2600
3226
6706
3046
1518
7681
2963
8578
9875
9278
141
5947
4050
7129
1203
5648
321
1571
4450
9134
5141
1224
564
7263
6542
2223
5738
5483
5124
5727
6678
5223
6586
3333
3546
8191
5494
8937
5340
4366
6512
6041
3666
8841
9977
3953
4623
9450
3536
5351
2391
1861
8113
3308
6952
684
8429
9038
9311
2440
2868
7669
7255
6463
8886
9999
5293
4102
1190
731
6339
4727
1623
9895
3347
7018
8266
1590
1374
9079
450
5732
9319
4322
279
8719
6520
9163
5948
8000
1751
1508
9336
7738
6740
5324
8160
7961
3036
5617
4933
5847
4132
3003
6250
7
2256
2290
1419
1226
8068
6877
3044
494
8196
1138
5241
1182
2670
7753
9
747
6693
3375
5933
5608
6105
5979
2198
1645
9167
5138
9326
9322
193
4228
9451
2560
6447
9430
3230
119
3395
967
9229
5721
5159
3175
6909
4821
793
9757
6564
2315
8405
167
5325
3138
4739
7274
7103
4625
4025
2537
8562
2569
8376
4641
1059
6438
8657
873
9407
366
1435
5637
8548
4311
7713
6277
4925
880
7911
5589
2035
5829
7914
4563
362
5949
281
3678
8779
9938
5636
7730
6341
1223
7635
3988
3778
6255
4693
787
5028
4135
9787
9634
1134
1891
7496
5830
4453
6605
4344
3622
3106
6385
2491
6103
4336
2862
3569
3101
9701
4988
6704
8466
2761
2700
1947
3568
4448
1165
9935
9376
3946
8571
9325
4916
5837
9973
5035
8531
5343
3467
9083
179
2340
8818
5003
401
9461
5927
7827
3442
2699
8513
3955
7147
9657
2278
1285
7384
1427
6755
1824
9694
2687
9124
1111
7514
3348
6142
3235
6849
7058
7621
4668
1407
8712
5100
9086
7810
4302
407
929
124
7254
8942
5286
298
4593
7774
1370
9008
3965
8204
4556
6203
1849
7984
8928
7258
8445
679
9351
2984
7805
2055
6642
6431
4331
4665
4937
2832
5845
8289
38
3390
3156
9584
6574
4762
2939
3223
2281
7707
2519
9924
580
1621
8027
7629
581
9869
2570
9670
3114
5538
618
5252
6151
5953
9933
8561
3986
1550
5294
5024
4408
4814
6670
7641
7132
1459
6799
3872
7924
6543
8323
1431
6724
4870
7756
554
7780
4456
8413
6606
4921
1958
1636
5218
1124
5789
9039
6822
7843
1020
4216
2605
6461
5496
513
4160
8539
7571
1878
5707
4599
5171
7211
6036
2678
2076
4175
3495
8135
8459
3153
5362
1620
4778
594
2607
8651
9432
228
423
8471
344
8261
9245
1938
4232
130
2303
7712
3682
7257
4949
9442
8624
6862
890
690
6930
7418
404
7752
5779
4069
5562
1174
4568
5086
7649
4101
1181
9617
1355
8495
2794
927
9005
5094
8925
5971
7857
1543
9389
1186
2441
5427
6900
7727
1003
7138
4600
7140
2898
9462
9925
6823
8270
3312
7623
9318
9271
2166
7562
7766
4536
8874
5027
422
6196
7920
9770
1009
2325
1711
439
3415
6899
9258
1048
4337
2767
3409
8422
9535
3332
782
7682
7700
280
3465
1682
556
2068
1081
9392
5077
1395
4646
5802
7706
9901
5712
8807
3300
5364
6457
6389
1139
6321
7870
8107
3626
9916
1775
3885
8477
9713
9263
4965
7445
5740
9098
6628
8328
4779
6141
10000
7417
7862
7266
7910
186
751
1847
9146
114
3368
9952
2715
807
292
3820
683
7090
503
6675
9807
8655
1175
4833
2709
2015
8488
9710
6667
2507
3898
3615
1403
4013
7570
1314
9463
3800
7102
9672
9859
4369
3887
6309
329
4954
2857
3151
6841
1379
2983
6066
8854
2501
1872
4853
2848
9747
5907
4190
2098
459
2299
4452
6129
68
4787
954
4981
6307
5058
2410
9135
9522
7067
4616
6686
7248
2453
9281
2139
7972
1450
8704
720
7690
7144
7596
2387
2771
7964
6687
8300
185
1104
6762
1259
4415
7732
9684
1284
5457
7894
1727
2953
8232
4804
5398
6216
4017
9496
5545
2828
4535
7833
947
3962
7876
740
7002
3736
7049
4663
7849
5423
8776
9941
1481
7458
1945
8245
3609
8644
3158
4734
5369
1129
2888
2165
6620
6263
7891
8945
3668
3865
9034
6084
4117
6631
9517
3949
5380
4858
2716
1842
9898
8581
9067
4133
1085
2825
3739
3344
4011
3756
9846
3513
4940
3989
3751
4869
800
4040
4257
6469
9981
743
5660
7262
7558
5125
3160
6969
841
204
7929
2499
923
4765
3232
1952
4176
1602
1574
5152
6579
8099
8004
7051
1969
2472
8598
1117
7334
5835
7183
5684
9472
4240
5178
2797
8724
4790
9438
4023
1371
8833
5372
2522
221
6278
6134
6970
312
486
4540
9097
2275
5798
2077
4297
7432
9708
1517
2107
7652
2683
8225
3656
4155
6079
8408
7168
9481
6147
2039
1298
5280
4761
1643
1899
7988
9206
9974
4081
7781
7460
5670
6391
8511
5199
5980
3900
6495
6865
8222
3098
7637
6193
2890
7029
1050
703
4777
6319
6276
2975
4365
2363
2110
2381
2232
8879
4436
1214
9064
8133
8816
1454
1758
7025
1276
7410
7776
485
5321
1037
3590
1641
9528
3815
246
9616
9402
7218
4629
5753
1977
6502
8093
8363
3688
9553
6596
5446
8576
6534
8595
8247
1083
1176
4714
1106
3303
9812
4138
5644
3157
4308
6169
5941
5426
9544
6006
1666
979
8884
7561
1820
7396
6746
9703
4581
2772
2214
4768
7055
2933
6017
5960
5195
5641
4760
8672
5466
9010
40
3015
7976
8715
4264
4177
5470
4815
7310
2632
3213
4756
654
1266
2551
4422
7764
2474
8680
8127
6402
9425
9049
5205
4806
2667
207
2071
9956
2988
2701
5393
5
7986
6665
5333
884
917
5017
6275
5928
3188
4193
5300
1885
7089
576
6792
3432
345
7059
4510
1529
689
5698
2287
8519
2409
771
7506
3399
3994
6343
3578
70
4080
9815
8207
1794
5430
7740
3474
304
8512
2188
3531
8810
1113
2799
396
7182
5083
7296
8497
8064
2517
5997
7773
5640
5119
6367
8060
4513
67
9789
1639
9215
8318
6509
3181
8409
7816
1554
32
5654
2804
245
2860
9171
5411
4368
4480
7365
5183
8845
7167
5917
5598
1762
37
8011
2014
5363
6032
6061
926
9731
1854
5214
2506
8659
9577
7651
5277
6861
3405
5571
6857
1155
3288
8794
7577
2125
6985
3250
3627
4477
4294
8812
4943
7955
7348
9306
9845
7696
4395
3451
7542
3438
2508
8251
6727
441
4573
3625
5567
6042
7563
5346
2750
7197
6912
6214
8593
4729
4994
9377
274
9108
9575
5441
269
6002
8579
5279
2342
591
2146
8383
8423
6047
3282
2535
5339
6855
3902
6535
2036
8541
5647
5902
4548
7081
4737
9911
4710
2212
2721
4391
432
5596
196
6114
3969
223
9125
6578
3783
2313
6008
9003
7720
6723
2590
7565
6351
2747
5737
9652
2574
9493
7822
1079
5988
3205
4511
6994
2150
8394
5162
9372
5042
1145
200
4086
460
2795
9628
338
8851
7686
9272
2201
3875
4239
2145
8273
9947
3443
199
3726
2873
6212
1286
1244
7660
6483
8212
9449
1680
4247
8894
6037
9667
7136
2974
4346
2293
8007
2435
9769
8862
5552
4014
7622
7404
4560
5327
9762
4589
3926
3334
1468
4785
9642
3608
5044
6107
3996
8154
2040
7604
933
4824
2504
3245
4924
2718
8152
5379
6864
6934
4682
6393
5601
4638
6641
5777
4340
7845
3928
175
5181
9486
9587
1551
4343
1625
7326
6125
9523
5458
6826
8420
1587
6085
5038
7434
798
9412
9293
170
3549
5323
2850
2190
7956
3177
8534
2827
2614
7433
6019
6843
265
2679
1225
7518
8563
9211
6796
2498
3261
5265
8230
9078
685
5481
9497
7194
1160
6751
9560
4704
8153
2883
2568
3057
2723
9446
7355
6991
4868
2237
5037
5045
237
7531
3351
2047
339
9387
56
9088
8407
9868
5439
5951
1251
1991
8440
4730
2662
1494
5416
733
625
9673
1648
8618
6167
9181
2341
8348
1904
1295
5014
1303
9532
4355
4217
7280
180
538
6070
6133
3848
4827
5939
4449
253
9364
4083
1256
8475
1047
7601
8486
1725
8482
7992
1220
7319
8372
6725
2527
7933
3936
5289
3548
2566
8720
5371
8003
1485
255
8528
3341
9251
5548
327
4356
8416
277
4485
7981
9675
2018
8973
5776
1156
8508
3186
2844
2470
8630
6593
5894
7098
4598
4191
9565
3637
9226
6465
4670
1786
6929
3030
241
1676
7139
3927
4074
6516
4576
8590
5240
157
3787
6640
3019
5180
239
6804
4776
3975
4275
6821
5758
252
8265
637
5916
1386
7884
5459
7694
5394
9507
431
8410
8427
4491
7199
389
3525
5792
3519
8072
941
9942
5942
3632
6387
7413
3361
1278
3766
2502
7591
5996
3011
6949
8089
9716
6035
9613
7371
6288
9678
8016
8603
2874
4586
1283
8978
7169
8647
8616
8918
3274
1318
297
8643
657
2253
8673
399
1746
3567
2849
5260
7662
9971
3905
9468
7373
6885
2814
22
9427
1804
3196
8537
8149
1170
6346
1809
8926
3193
85
7053
7340
4328
3995
2901
7759
1430
8909
7852
4059
3102
5117
844
8181
4363
1292
3804
3579
9026
5233
6760
5763
3475
498
9740
7714
4103
6234
634
3085
3728
53
1309
2562
3664
6409
8401
7768
9610
5827
7989
603
4287
5105
2695
3323
7291
1813
8527
4076
8786
2997
7305
1744
9932
1910
8391
2114
9274
976
8898
2481
523
5161
2132
7322
1843
5590
1334
9178
4305
4696
6614
4435
3271
6834
9850
9615
278
7655
8462
7151
506
1596
8953
6607
8177
9041
2841
5484
9599
77
6874
3657
184
8847
3834
695
9020
3331
5934
9339
595
3954
4666
7179
6627
1671
999
7277
2279
5520
1451
2276
6963
4678
1525
5204
8033
65
7864
216
4270
8998
2811
8627
2336
534
1608
1329
3155
7769
641
3620
7507
6599
4079
5842
7834
2087
1547
3468
6711
7342
6257
1764
1140
1089
6653
6778
745
9810
9062
4092
6333
1084
8464
5308
696
6150
527
7803
2003
3470
7435
609
3001
2742
6417
4987
163
2134
9530
8566
7703
4534
5131
9800
6954
6739
2207
8671
4800
8971
1773
2418
9329
537
713
6073
6444
3069
7581
5304
8450
6907
1995
1763
1337
8625
4416
9650
6931
712
1617
7974
8340
8321
4474
2438
3367
1881
3576
7942
9121
9839
4659
5387
8437
5587
7699
8924
4165
6918
8767
4507
2880
2245
5653
9152
8693
470
1770
8374
8005
7646
2106
6813
4371
6870
7906
5750
5469
3663
4470
9313
6419
390
4019
4151
5983
2534
108
1167
6204
930
5709
9467
5752
4066
8188
3172
7844
3697
9819
4332
4784
8248
3703
7071
384
8964
7152
3314
9685
1610
2834
4878
794
647
2050
2680
8679
6239
7227
2762
9752
874
8609
2173
7293
612
5733
3683
3095
2764
9260
6149
5078
8468
6055
9374
5253
543
9119
6160
6090
8820
2012
5111
5796
5025
3231
29
5600
7303
4544
3267
4874
310
2070
5851
7014
7250
2029
892
7207
3083
4948
7811
8744
8012
610
5132
2251
6702
5046
26
9919
4932
8559
2243
8145
881
3045
4496
1221
8906
1693
5705
3382
5049
6246
7321
1901
4252
4377
2424
1054
2613
9200
8216
9419
3611
125
3112
9519
3963
5987
9150
4409
6198
6568
1068
3320
4953
8043
8478
6820
7137
2818
7741
3498
7244
3795
5499
8105
8095
7325
6154
5376
2307
1369
2627
6818
1687
350
2634
3651
5867
3370
7624
866
6287
1983
7817
8891
8961
8732
9754
9007
2598
6644
5799
7329
4793
2332
8690
2730
7702
8140
1900
2545
4653
973
8117
5871
4731
1701
1102
674
602
5322
9998
4024
453
9692
9169
9277
9440
7070
7718
4124
1546
8017
2893
1034
3793
1839
2331
4942
4198
7517
2244
9693
2602
5248
578
7390
4705
6951
8966
8171
2885
2093
6
5919
2238
4055
8059
1264
4353
1703
7005
6323
4658
772
1399
2837
3543
9777
7086
3124
2255
3972
5989
5270
1391
8554
3061
3527
5302
6836
1700
2230
6056
8707
5728
4671
6135
5710
4372
8849
3476
1173
2948
9884
7779
642
1442
6441
2847
8426
1238
2838
2925
4348
5408
3983
6549
6137
2044
3947
6957
3692
2931
1237
3005
1388
9183
7856
3306
8868
9444
6379
9985
213
7940
8402
5127
5580
3429
4618
5068
1850
9363
5482
9632
2247
9338
9004
7754
1475
333
1136
9825
9429
3022
6369
3712
8282
8710
203
4718
6054
3882
4973
336
5437
2609
47
682
3355
7996
3120
8006
909
2397
8771
9080
6945
3932
430
3183
3934
5669
7640
337
7306
8456
3067
6582
1452
1827
7202
5009
9071
5054
2025
8801
7642
3002
4187
4557
3407
2640
4285
9651
2205
34
4506
6647
5760
934
3702
5629
4531
9399
2
4820
4720
3896
6811
9035
7420
110
2972
7539
3163
9746
411
6021
9290
5069
3097
2374
1552
7643
8997
7944
3759
4583
6914
8361
3501
1015
6922
2955
2806
1688
6115
1930
680
7684
5262
7947
4626
7453
7379
1692
4843
9619
9404
1242
1209
2793
16
3281
8048
8817
9470
4781
8294
7685
9695
3133
5697
2720
2450
9852
4226
8329
1586
7830
4907
2337
5639
1577
2326
2541
142
7142
9923
6497
8106
3881
6181
1367
5201
7953
1791
3530
4527
3246
915
7233
9609
4957
3515
3385
7572
6123
3805
3013
6428
6964
4326
5255
2663
718
3007
1812
3259
1387
1294
1779
3117
2268
6831
9148
7742
2021
5510
97
7402
5930
8167
9027
8205
5757
5810
8148
8013
9414
7770
8128
6976
5382
593
6772
7121
4152
5905
5536
6926
2295
1607
4008
3650
402
6710
1231
1756
3295
945
2484
9688
5903
1570
1086
5595
9054
1822
2884
4514
8910
8467
669
2624
1573
363
8334
3612
6682
977
2452
6741
6763
8173
5518
4736
7593
5120
8496
9683
7851
4098
3920
3833
9087
6943
4094
3096
566
3068
6768
7717
6553
8086
1528
7461
4554
3280
2429
4048
7377
7841
8393
8968
918
1715
2729
7149
5177
4148
3911
8781
9604
590
8028
6269
1495
1601
8985
3851
7987
7376
6756
5461
4445
9799
6632
4281
6781
9633
3665
76
9235
3667
4888
8996
3402
1376
6527
6937
9965
6639
3675
7537
2935
5505
5314
7019
3302
46
7177
6182
5062
4802
6773
4975
2653
8454
9286
6566
1921
1010
3862
1392
6233
8438
6159
6136
5285
5735
8291
6063
347
6410
9776
6452
3182
1519
8768
2575
3545
5676
8866
8782
1918
803
8686
4584
724
9738
8414
908
2611
5528
3981
418
1802
1848
7728
9386
3709
6655
2288
3798
3199
227
7042
1742
2061
7447
4624
655
7079
4041
1168
8346
8826
1042
1116
8213
4434
4058
8312
7107
8052
9663
4333
8600
863
6501
6879
5435
9967
2358
156
9836
291
2536
8385
2362
3016
8310
3374
7831
8799
7241
3179
6197
7292
2919
2903
2312
6771
4676
6104
1105
3610
8434
5741
4291
2763
3564
134
5554
8907
9764
8390
9232
9772
7450
9401
9247
5888
5134
6562
3144
1071
9928
2741
3350
4722
496
6757
8881
1912
2301
5266
6609
3236
8589
2034
998
5555
9997
9681
9589
8097
7281
6896
2422
5884
8568
9382
6101
155
7631
4977
3849
3369
544
1726
3490
4188
2812
302
6996
4075
6201
4569
4032
4407
5747
5023
4642
1178
9361
8500
4503
4466
8418
3038
8501
3764
2231
4412
7380
9084
466
8637
4966
5966
9298
1710
6177
1381
5956
3455
7795
3639
7613
6039
8123
6978
5714
214
1131
2023
6349
9459
3176
9400
7468
3559
2960
2443
6787
4022
3750
2159
305
5455
763
5616
4068
9514
2350
2727
2266
5405
5685
1012
2116
4051
2428
2505
3538
9479
7739
6898
2084
3346
3051
9626
5307
1702
6814
7504
6209
8473
7201
8522
691
4951
5575
500
686
9580
4197
5778
7354
8947
9055
7405
1027
3218
2367
4817
484
8792
7749
5723
9172
5070
2234
2681
6408
540
131
1874
5572
358
7737
5232
8800
2248
1150
4498
4195
670
8983
2064
8489
5993
565
2425
974
5724
1490
5453
5374
7439
1934
6012
1830
8722
6260
5254
3055
2633
3477
6960
1567
4122
8586
6082
879
2434
7881
1025
1125
4875
1789
5931
8940
6779
5502
3929
6531
5794
9482
7939
3772
284
5806
3393
3781
3840
8485
3941
6575
1579
1317
9696
379
2067
3473
9509
3706
4293
9821
6418
7775
9512
5251
6845
3291
5397
6330
3170
9265
9410
2907
6034
8543
1413
1968
970
254
12
9870
1817
3990
5414
6889
6487
8053
4829
4502
3173
6592
2352
5126
5170
4995
5831
7973
2445
903
7378
8529
600
9028
7473
4746
2780
9213
2819
3864
7918
2353
3643
94
968
8736
7048
2179
348
5720
667
102
7056
4035
5208
4651
9111
6775
3503
6456
5352
1056
9748
4707
572
1884
1556
8076
4656
6453
6213
1981
5841
6731
5330
1662
815
6913
6597
7301
9521
3980
9214
1530
8062
7616
372
2889
5638
3450
1177
454
7424
5495
317
6758
3285
770
859
4574
5719
5173
6916
9865
1044
3123
8122
3073
2684
7045
3630
5836
1922
3461
5189
1819
7000
9202
2998
9501
1076
3428
340
5275
9255
1137
1575
7242
1069
5030
9637
3305
9484
8734
5998
7952
3789
8638
1669
1886
9051
2725
4278
2475
4374
5462
6790
5107
2209
427
6111
5936
5581
6513
7515
7375
4748
1996
6999
8607
5973
3481
7801
5373
9300
7309
2263
8685
7345
6303
3808
9490
1915
895
4451
8662
1486
5336
5696
7743
7457
3685
6397
6223
3060
575
2449
2215
7332
7096
2348
6850
4864
1933
7466
1664
1460
4898
8298
9368
7476
2016
295
4838
1077
8705
5513
3203
2697
5977
4390
6794
6106
195
3376
5403
267
1062
2473
1504
4692
8544
9285
9428
9360
7648
7264
2181
2164
9656
7736
7087
2289
54
6636
1961
1108
4137
901
3132
6662
6892
1091
627
9768
9268
211
5145
8905
5726
1023
6373
3090
6251
1753
4889
9624
1578
6078
1447
1796
9240
5900
3624
7519
7777
5791
4770
307
2936
797
9992
6902
2905
5142
6692
7516
2717
6118
7595
212
5984
6558
6995
6656
324
7826
9906
9677
4225
2421
711
840
9208
5412
6126
3907
4383
7559
8676
5298
5211
4900
1857
8667
9417
4171
8967
2457
135
986
456
159
5347
5657
9725
1975
7787
823
9056
2030
4635
1268
9608
4385
6983
5774
9244
7659
7085
6356
7054
3977
178
9257
2229
3217
7484
1500
289
4571
7469
7544
4284
6460
8286
3140
854
643
4789
9063
2791
8214
3222
9878
4797
8572
7809
1993
8890
9824
7791
4532
6228
4280
7391
7893
8936
5137
8295
9058
4519
1456
3417
9700
9568
300
1696
7578
7689
3154
3604
8749
8050
8830
9223
444
7092
2530
4609
2222
7135
6611
6210
5739
4823
7661
7958
1640
8238
6984
6565
8096
7230
4686
5682
5628
3434
458
3247
5681
5713
8241
4899
9907
9165
7575
2765
443
3167
8396
6291
4468
5913
4318
7196
9193
9664
3107
2185
6475
1307
7915
33
7592
1478
9330
3648
6485
251
8516
132
1750
1944
9697
4958
1397
5816
8469
2768
4872
1562
5890
3116
2001
9320
9418
7963
1152
5963
118
5048
2250
3708
6001
5605
7385
1326
6936
3221
4769
6524
5444
6583
6880
9871
8753
5074
1650
7912
2411
1931
5527
3679
2456
6523
5624
4209
3687
9294
9524
9207
4525
8404
9537
8075
6617
5431
1415
7245
6837
5846
8902
14
6939
4747
8399
1434
5036
5236
3276
1960
7125
8955
8121
9718
2781
2143
3763
2274
8224
1514
7505
3571
4052
4350
9797
3421
9066
9955
1205
1739
5769
465
25
2746
4929
8929
8821
8249
7364
9406
3389
9303
1279
7705
7836
9661
2194
1002
8365
7238
2644
6486
3292
735
2587
8939
4457
2462
2526
902
6423
1157
9189
9259
9114
656
7195
3674
4587
1432
6894
1592
5918
6094
6195
7408
1398
8798
3768
6911
7285
4849
1875
4812
5160
7731
275
9771
553
4759
1438
3118
8276
1277
1679
1501
3078
5399
5174
834
5153
7035
3449
6827
9131
5292
341
7835
6629
3968
9305
2801
5315
7633
2817
2877
7406
3516
857
9631
1859
5607
9359
6033
2057
9009
6092
832
6533
3572
1972
3984
3037
5717
1553
3891
6433
1657
5147
4741
3487
2737
3129
3594
3767
3826
188
243
5016
746
4631
9733
7155
7286
8994
3420
3713
7224
6442
4484
8984
8916
4592
7532
5819
3672
9918
7399
2471
472
907
8234
1681
1806
3945
8921
8470
1622
8354
2403
6560
1772
7948
8989
4724
8670
4706
1433
9760
1982
736
6026
1316
240
1491
5360
1707
9175
5317
1030
5695
6074
2199
1342
2304
478
1624
9324
9395
4300
7455
2355
7634
6048
638
1781
3540
922
6630
3686
1356
4000
6148
6878
2073
2439
9052
512
8353
2483
7839
768
7213
1422
7672
7926
21
7052
6093
1446
8125
4404
558
5751
6013
1949
8494
4918
172
6753
9021
129
9475
1045
1631
9505
9822
2969
268
3796
62
6646
8587
5762
8979
3870
3119
1088
4029
5525
2373
4201
8110
8366
9860
1665
6585
7527
5396
1720
8992
7358
2494
7172
4179
1924
8969
1539
6788
9798
2689
9495
9662
6000
4547
7388
4773
9006
392
8302
5442
2815
1118
1748
6567
2696
9526
2865
6990
1522
9045
6598
1852
2755
1835
7471
4690
701
1013
3373
7472
2777
9622
5185
6645
5420
8560
7490
2660
1390
7038
7526
7459
7541
871
9238
2615
853
3908
1903
7401
9308
6040
7554
78
6966
1382
8046
6208
9888
2585
5034
1148
6386
6172
5625
6273
2346
3574
8759
6241
8317
2516
1473
574
6325
3207
8875
5901
6825
2463
3707
359
7060
1871
5929
9785
877
1888
3075
7688
5434
1022
8444
5811
3658
7625
7082
8356
9905
8305
808
1364
6146
910
3561
5632
1260
2823
6953
1613
3479
6384
4832
6481
8856
1033
548
5920
6557
5471
8116
6660
8326
6623
8520
1408
7041
2117
9900
2328
1441
3723
8206
4296
623
5532
2628
8054
7315
6745
528
1404
4142
6971
5999
136
1564
9586
1678
6928
6672
3108
1291
3792
4033
7188
3586
5909
1629
5863
7687
3008
7818
3079
6842
6264
3141
1757
4184
9413
6780
4078
1566
2528
5368
8944
5284
3324
9141
4447
3821
158
7923
9996
3318
1443
5310
3397
6436
4442
2144
7842
6786
6764
5734
1412
9323
3159
6472
2019
5184
8752
687
7001
2990
5401
4952
8770
8908
4057
8069
9861
966
7574
8223
5896
3560
9317
7382
5032
7328
4637
6127
7308
4721
5063
5337
8623
2455
2591
1652
6903
9205
7206
2406
949
5969
3842
8111
3094
3025
3401
51
2492
4301
5507
4873
5825
5154
8591
5553
1713
995
1768
3942
7341
5873
8030
867
6545
9863
2154
9897
8839
9775
4509
7438
7222
6904
8324
442
8369
3070
616
7229
3174
9765
7464
84
1021
2269
958
1465
7022
6805
4766
4199
1595
9648
6734
3202
6802
4830
9112
7580
8415
7990
8162
3696
3074
3899
6967
702
3681
4950
9712
8917
2594
6492
3000
409
1409
9993
469
286
7298
2866
3810
7046
8275
2744
7934
9421
3521
2833
378
1541
2576
3452
9885
1426
5122
9452
9511
5169
2739
50
7008
2991
6382
1865
7670
1697
2581
9044
6156
9116
4180
5512
8344
9333
7300
5085
9983
8441
4978
9262
5952
2292
4065
4946
4847
6613
6873
5511
919
8706
1538
9409
4633
9922
7421
3260
7444
4119
7978
1548
839
5224
9471
905
3998
5460
4400
9492
1755
6718
7359
9781
6548
1191
8316
2776
2046
367
7492
1274
5784
1400
1040
3970
5573
8669
2892
1913
4246
950
8927
8280
4715
8893
8201
3999
8161
6496
5656
9184
8136
8
9458
6295
111
90
2436
4537
2465
7751
5479
1195
7761
6304
3125
2539
3012
2113
31
6421
7101
9705
1199
3563
6519
4505
6835
6785
9487
3956
8612
8930
5007
2882
6299
7160
1440
2372
7437
9880
4607
1479
862
2136
1658
4628
4162
4796
9120
8530
2170
1128
848
9842
8209
8661
1724
4255
2272
6743
3071
9578
9639
2578
9424
9889
9963
9576
5029
5226
2586
7597
2932
8284
1389
2692
3431
1600
2075
4711
2643
8656
6681
8713
9239
6890
6858
6262
9583
8460
865
5230
604
3933
1627
3
3691
3803
6498
750
5914
3773
2981
2546
1014
4219
1656
760
8714
8253
3719
3649
3017
8664
63
3597
5229
2649
355
8333
5937
6352
7184
1512
3544
5925
4844
7931
1325
2926
2444
4754
4166
5268
5801
3360
3915
2433
9920
5895
5383
1882
5783
7154
7847
3379
5715
6591
560
2622
6320
8217
1699
3472
8351
7545
9887
2408
5093
4558
7094
8551
6888
3825
2555
9042
3445
1046
2556
4580
9783
8684
7832
7921
3797
8040
3500
2690
5981
5013
7324
6594
8433
8436
1179
9729
4577
4772
3603
1790
3846
8297
1549
821
9267
1635
9722
3166
2006
2733
891
9201
6637
4612
9595
3874
9198
1916
6392
8570
349
583
3427
2728
2458
3224
5219
8783
697
9914
7855
7221
6851
7064
9159
1120
8290
9053
1098
7416
476
6480
7400
4567
2088
7656
2338
4523
3383
3437
492
2743
3059
7091
2239
2564
4935
6736
4831
4234
608
8887
2713
19
835
1896
9072
2669
4807
2489
3362
9866
3412
4500
9369
6256
8483
1738
4601
1825
6245
6022
9585
9328
2178
5454
7550
1080
9854
3486
9596
3895
5235
4379
1280
7366
6848
2908
4405
860
9666
376
3644
5708
8504
5524
9115
8134
4863
2197
5267
7828
133
586
2864
1299
3593
8371
5140
8179
6301
1366
4914
9018
1462
3506
1675
2910
1411
451
8831
5489
5800
3127
8056
4143
2719
181
4617
2317
8900
4603
7480
3769
5775
9464
8398
3419
5742
3497
2330
4127
4047
6405
5116
7159
6669
4606
8919
7594
398
9344
1704
9643
2152
8155
9225
8258
4880
5104
4307
3641
4335
9520
9640
2929
9564
9437
1603
8379
5906
6424
45
6117
7890
6917
5164
9607
8663
2447
6293
3354
2915
8388
9912
4906
8538
4997
3948
8350
2306
3065
6671
5938
8946
9843
8166
7268
8883
3923
3749
2461
6803
9750
7820
8814
4027
1146
6808
7895
5012
3448
9552
5192
7997
4677
2202
4495
1245
8951
928
9069
1483
988
3858
7113
5550
5991
5282
516
4877
2102
8697
388
4753
4260
2989
8842
5716
9813
8832
5586
4974
315
8766
2829
6109
6777
7549
314
3595
4222
3695
3233
7170
3547
1319
5468
7500
6350
369
5342
1831
263
5311
3329
1979
788
3914
5477
8277
6242
140
2412
1336
8315
3139
6544
8314
4499
8147
878
2863
5474
7062
89
5583
2672
744
2659
380
1026
4010
301
1984
694
4323
1350
7950
5216
6412
6014
8246
8765
9763
3024
5651
651
4494
1828
7335
5766
1477
987
6414
6243
5209
4983
1560
8872
9987
3811
2748
4960
8617
6621
4926
9000
5912
8342
981
3618
4801
5135
3607
9597
6815
148
8584
4854
4911
5355
7590
4303
5250
2026
6722
2063
6720
6112
3906
4559
546
943
4205
2623
8378
4504
9122
1109
3551
5390
3284
3912
3784
1743
4818
8337
7422
584
410
9156
8795
9187
2945
7873
9209
4313
599
7553
5864
4915
4969
9489
7112
7683
601
7859
3592
6312
9638
1684
2319
519
5891
4388
7502
6102
7034
462
5443
3588
6901
8306
3614
2580
3557
2118
562
331
7560
1883
3979
1653
7899
5076
5002
4004
9908
8599
2870
44
4650
8613
8888
9873
7026
3817
1807
7917
448
4472
9270
9611
869
8032
8443
9909
4783
2664
3850
4267
5970
559
7932
4467
2666
1733
9415
3191
8287
5258
6979
1646
3785
4230
992
887
1568
6190
9682
464
1685
4876
2977
4850
9105
2646
8533
8184
1230
4733
508
1249
719
7975
912
6120
3460
2302
935
1695
9818
9030
925
1052
1263
3134
9689
308
1708
3265
7966
9877
1990
6396
2912
43
9655
5621
1673
3961
9126
1999
7678
6009
4164
9332
4956
4816
5040
6511
1537
2749
3676
5196
9736
3867
3322
6199
6563
759
5875
383
5133
6028
529
8871
5790
8073
9197
2618
1705
6881
4980
9774
4912
8057
5828
3838
5490
8058
7317
3919
7719
1288
5854
7246
4927
3220
1964
1811
6290
1962
1122
8037
5213
9969
952
6618
2783
5210
4903
3066
1345
883
2962
9093
2661
8920
5326
5856
8761
676
8268
20
7632
8035
5290
9343
6915
5559
2394
3211
6157
4719
4825
9711
9531
3080
7701
6347
3757
2785
9185
1942
3967
9394
9204
7771
3883
2934
6113
4837
4920
7788
1362
3733
3892
4118
7664
18
4359
7047
3556
5523
2544
8264
3662
9203
4253
5082
2356
9600
6819
7907
649
1533
1437
4237
5197
400
2558
4735
6619
728
3453
4716
7318
189
1674
1951
2821
1482
8034
3433
1963
2137
3026
8296
4028
5804
2543
9316
8455
2189
1858
7370
7529
5332
3435
4767
5271
7523
3039
924
6872
3214
1925
9892
963
8746
8553
7290
1149
9092
7606
509
322
6220
1018
9554
2020
4016
3296
9077
9780
6376
6561
9989
4881
9217
1375
3480
8349
8484
6572
9721
6789
957
3952
3633
5764
3841
1672
3264
2364
2123
2533
1207
6490
6086
1890
9902
916
2431
9186
4999
1281
2966
4053
7723
4538
5667
1760
3971
6152
9978
4136
5097
4971
4204
6206
9809
8793
8922
205
7806
589
3313
6806
4316
5679
4441
8498
9237
2371
3110
9362
3357
5813
5759
4852
9990
3164
2854
2918
9551
7968
4579
3411
1016
8904
6265
3845
7312
8731
6298
2636
2947
7043
8873
4131
6124
7007
2149
2786
2956
6992
7724
8412
1255
9299
2027
9931
7243
4113
5073
5165
2895
8901
532
1360
5212
7118
4403
4329
8015
4446
1499
2512
3216
6091
3111
103
4687
5272
2942
210
5904
1638
622
2327
3866
8896
3278
4126
6517
6324
5786
7294
4169
2121
8601
1955
3959
2694
6173
6589
9050
6590
5413
3146
7165
8829
6882
2333
9674
7946
230
271
6698
6116
2085
4799
6988
6515
6556
624
4895
4249
7010
323
7426
7256
6942
9605
9222
2389
8452
4309
9297
7483
5256
7430
7905
7331
2469
5421
5853
4089
8499
4848
9811
9335
5350
938
9962
5674
5338
6908
8987
6326
220
3430
7004
2524
7829
605
5886
1200
6370
9635
6982
8903
5269
3135
6860
7356
4798
495
5222
8899
3694
573
8640
9117
9243
8892
6933
6635
4604
3735
9541
91
9817
5539
9296
645
8163
6302
1272
3394
6694
6577
7957
2153
8131
8760
6696
2210
9761
3310
1359
8189
7653
1210
2629
8481
4200
1619
1166
6759
692
1957
7278
9379
8634
2625
4717
88
6283
5328
8636
6529
9129
8151
222
2089
5788
7440
6065
2911
9862
5436
5514
7024
13
4886
6683
1218
7115
6807
2321
4639
6170
2206
8465
2193
4708
5066
1202
2311
3861
5491
6571
725
7892
6399
1161
482
7487
9594
4492
646
6887
7141
3871
3823
2218
1555
2052
1213
8293
9280
6776
644
9473
6007
2324
1444
4471
1064
1717
2376
6446
397
5849
9089
8743
8825
6050
2379
9439
6537
5859
2172
8403
5593
2824
1862
4828
8254
6381
1909
7216
1937
2264
6965
6713
2086
236
6270
9469
8980
7650
6023
2359
6030
4972
7153
318
6715
7304
8577
8271
4397
6075
5186
9820
6749
2830
1075
789
4700
5731
4546
105
9796
3653
4042
5115
9287
7993
7158
242
3076
1642
3041
2601
755
3997
6390
7225
9161
2855
483
737
1505
412
4413
5795
9101
7608
1141
3843
4111
9231
1067
3738
3338
7212
2258
6905
2976
4215
5946
2074
940
6935
3283
8772
8240
5768
2127
4465
577
60
505
3143
5263
9709
8923
7980
2100
4182
6315
1801
8031
4274
294
6062
417
6067
9848
4231
8740
596
9913
7145
5964
5276
2650
3249
4959
5687
9398
9310
7969
9529
4185
4751
7163
8536
3889
5897
6360
1135
6215
7409
6688
6738
7015
9302
8227
3555
2967
7271
8044
497
6281
6685
1581
2946
6615
3761
898
4402
767
146
9254
7162
9295
7785
6018
8750
4320
5166
5497
8621
2549
7858
582
7448
7985
4961
7269
2557
2051
6258
2774
8754
3577
5700
9136
2674
3505
9964
766
1107
2343
3328
2375
6296
7913
5877
7209
8243
5631
8285
5945
2176
2523
6941
7786
7928
4265
3655
7898
8419
3701
1306
2698
9499
3621
1271
4396
7663
6253
64
2138
2233
7431
1466
4619
3964
6981
1058
8428
4835
6108
2668
4061
6468
714
8815
4095
5004
1096
2503
2509
704
1420
2734
4897
1572
2703
5976
673
8176
8066
5577
4866
4979
9107
4674
8299
9590
8386
8215
4444
7916
4319
9154
9354
7295
4194
5359
8788
9342
5110
4145
7065
531
819
262
7520
3408
266
6337
2996
4516
2949
7848
8809
7282
8472
2059
1393
8982
8775
7407
7875
8041
1189
8739
7240
4245
9950
6388
4043
1204
48
2525
371
615
6752
1487
4836
1384
2236
7074
864
1966
6338
6689
4487
7746
739
8622
457
5852
296
5889
9123
173
2285
1731
7813
202
9853
4018
7536
2081
5771
2548
1000
9220
5129
8150
2148
7765
9474
4428
8654
9641
8132
671
9445
9500
4440
5375
3553
4478
6559
406
7611
1343
9047
1856
5306
2365
8698
408
3396
7349
4685
3492
4099
515
1457
2592
5883
5001
2386
8846
5655
6145
6474
2267
1315
9180
92
1728
4681
8309
9494
825
861
5603
2529
5814
4882
3552
107
6886
9434
632
921
6946
3737
7819
2706
5121
7995
8747
9864
2992
3089
325
6793
982
517
3444
2851
8558
7474
7566
3844
4235
3363
2736
9491
4361
5699
648
7908
1838
563
846
5561
6044
828
3252
1090
5432
1516
629
2657
7036
5549
1312
6657
8203
3776
4615
2658
6769
2108
8952
4464
4146
7253
8828
8844
4417
8411
1520
6666
7673
2836
9801
6336
1558
9593
35
8933
6268
8381
7941
6742
4170
8458
4602
3960
1324
1929
5123
3860
811
5706
2090
3801
6328
4269
9566
8837
3770
1542
5642
209
3897
8605
9691
7568
7679
5052
6729
8185
3103
7617
4993
9420
353
6838
8993
99
2482
1126
1228
4640
7108
8853
1377
4108
8687
319
5805
2802
4367
3058
8631
9830
2766
9365
9096
2652
1164
4566
3830
592
3091
5574
8648
5113
1604
5882
8597
3748
3238
1114
1970
2296
8727
3619
4522
5821
8220
2711
8320
6986
8741
855
8726
2675
282
951
1980
2705
1341
5649
5744
9218
3028
8699
5745
5618
8370
9070
2257
1119
4679
1103
122
7249
9835
6366
4608
7576
5366
4279
1821
5961
5243
5488
1474
6354
5084
3009
5848
6403
3178
2224
5386
8278
3791
4810
7867
9574
6294
3987
1876
5378
6538
2129
1689
1321
5130
978
5175
3410
6443
4613
2009
1599
7477
2639
3725
3930
6650
1007
3052
5612
1293
845
3392
7361
3582
66
9538
150
8725
5807
2208
8641
9833
8083
2262
9808
8078
3424
368
3982
5843
2514
3828
270
2954
3818
9715
7503
6947
2561
6162
9025
5501
3145
911
748
3710
7131
8242
9784
5824
2686
7134
6361
115
6783
4697
2413
1515
1302
9166
6714
8737
7792
8911
7528
9680
3583
4524
6684
1576
3877
4691
1449
2316
4224
9649
2254
9533
9930
7362
6010
5234
7603
5576
851
2395
5673
8791
8380
6259
9882
3403
4399
1
8100
7127
4575
320
3255
3463
8716
2900
4539
5743
1290
588
3014
5026
2378
8763
5456
9698
1614
1036
4964
5404
3605
7178
4672
752
2604
5609
6525
5652
1428
9164
7171
1863
2235
3638
6938
8756
2298
6506
6099
7198
5526
8219
8962
3599
2033
5597
4020
8063
5348
7307
9778
2782
8022
4688
2831
9945
4038
7854
9968
9378
1406
4223
7327
5091
4808
2941
4021
7904
3115
3938
1659
5869
69
4985
9182
9803
1644
8281
9704
8400
784
9953
4928
5881
3517
1919
8375
7398
7367
1734
4283
7428
4045
3054
3727
6072
3894
3371
4813
73
2407
6314
620
104
1841
8668
3315
2415
8700
5136
4913
619
3922
6554
5182
4315
9525
7977
2128
3279
1073
4750
4764
3752
6800
2083
1628
2708
1754
8682
8999
8208
5480
9160
5665
4276
3587
3985
1338
4661
7210
5000
5858
7658
6308
8703
7979
5200
8852
2685
1335
6798
2641
6192
900
2930
4986
8963
3126
80
5569
8479
6011
4826
870
5064
6060
8244
4541
6625
9102
824
8193
15
6540
6176
9954
6484
1513
5047
2916
7954
7486
4998
8397
4354
7735
4005
4159
2013
2092
4879
893
3718
8487
628
6247
4178
9690
3765
6973
1729
7161
6049
2196
7237
9393
4859
9024
8555
5872
4857
3509
2195
5193
3940
1721
2608
3640
2175
539
5010
2203
4214
2156
1851
3237
5675
288
9572
2161
6227
7146
6536
6340
6921
997
5910
2157
6236
5767
4834
660
8327
2985
896
9872
2459
5645
3903
886
1467
7023
6254
7441
5693
9826
1498
4846
3566
5295
8573
2323
4460
4962
4277
3869
8583
3786
5449
7095
3873
4461
7357
4476
4936
5662
2283
7403
817
6310
9714
7192
2120
1275
3496
5578
8325
1051
5081
7938
7778
7057
2891
3550
6846
5478
6225
6297
2468
4202
6735
6530
5543
7579
1425
3878
3189
2724
3485
7733
3406
8535
8474
2479
7552
9513
2839
5566
8476
5521
3391
9478
8880
6478
2160
7075
4919
468
1418
5701
4123
4116
3921
264
8257
4669
9934
6121
7368
1844
6005
2497
5604
2158
9155
1236
5191
5729
9966
2869
4689
5168
9480
30
8604
8382
4667
5215
9630
7573
722
6467
9557
2167
6400
838
7704
5599
7853
7104
764
3377
1092
2805
4389
8118
1880
3266
4030
8877
3457
461
5221
3693
5358
8507
7204
1216
7821
9170
3573
7675
2540
9867
1651
6087
4851
8424
4
2420
4632
3642
7072
8860
1304
2211
8762
1060
2758
5730
4072
5486
3269
2943
3589
7533
1063
9970
8198
1331
3413
3731
6322
5619
4387
6989
1526
7011
7872
9060
7272
7009
4745
8646
3684
4196
1535
2610
9455
7427
9591
621
5257
9443
6331
8574
8341
2069
1511
1956
4157
9976
2554
4414
8991
8711
1373
7143
4254
5050
2950
2261
1229
5893
5450
9250
4262
3855
4093
7708
5541
5287
3239
2676
7302
6744
6248
5155
1928
1690
6404
3425
2707
2045
6174
8180
235
5297
9314
3847
231
2691
3459
2961
9477
4758
4156
8448
1201
1241
5500
7073
7463
8182
365
8518
1563
2559
842
549
6180
8596
5862
5150
6719
7615
9629
3488
756
7866
1532
139
3671
2454
6306
3634
3617
4002
7657
4521
1078
1898
1741
4934
9702
8267
7383
1800
4242
8387
4208
9545
2852
8665
3992
6045
1270
953
5402
8451
1752
964
4749
9190
4073
3454
8521
2131
2095
5838
4268
2072
3268
4266
932
514
6464
4248
9827
3298
6427
4096
2579
6430
8645
9986
8965
1378
753
8330
7397
7228
5623
1340
6950
7757
9660
9991
653
6998
3190
9367
7748
1889
9957
8101
3299
939
7105
7133
1099
9065
8235
1792
342
272
8524
487
4060
1159
7013
1826
5879
5187
9794
2964
2219
2225
4497
9456
7695
734
8975
7116
4518
3533
7922
198
3669
4634
2656
5874
2704
8943
4530
3721
2437
4855
8373
9984
3215
5773
9910
7069
5381
217
8014
6673
7452
1448
7782
4109
6608
571
6691
1363
7084
2845
9252
8885
2192
4594
7289
3991
2242
3105
8632
818
3794
7297
1158
2673
3325
675
3910
525
1973
8067
8689
9756
9014
3270
3035
8785
1867
7959
7360
6923
2022
1267
2366
8869
4241
1667
6869
309
8542
1296
2876
2246
58
570
334
3378
3077
3447
7021
5313
6477
8808
8742
2320
1472
5361
6677
7991
393
1097
3180
7033
4654
5188
5803
7888
792
2872
2142
2902
8114
9883
9031
672
6451
6069
1953
1677
7288
9441
8231
5725
449
2314
4370
9174
9592
5840
526
1258
8159
3286
1829
5911
8606
3136
9502
8912
2637
4652
4901
6355
7789
9793
8995
4902
4941
1396
6699
4551
8550
9802
5217
3171
8164
8733
3732
5341
7697
1361
1559
4989
6795
8633
187
4046
872
8960
709
7352
7654
7674
6420
7208
3528
6363
6445
8867
1698
3635
8784
9397
4486
9073
7252
3762
761
3027
5061
5167
5242
8592
6178
6897
8688
4871
7220
4327
9570
783
6659
2547
7951
5694
7114
1222
232
328
1144
7588
668
4774
5231
7120
5148
6839
3957
3010
5711
303
9779
2186
6980
2249
5770
5365
7521
5349
2402
2398
6774
1976
6940
2732
2917
4105
665
875
8090
5613
8237
3918
5992
2542
9823
9288
6138
2879
1414
4007
994
7860
9804
4130
330
3924
5965
1305
1686
4694
1333
2005
3198
3130
4360
306
9036
6132
3829
7927
8226
4120
1798
3514
4865
8364
1769
9753
5190
143
3886
3197
1421
6095
1185
4757
8211
9375
2451
9654
948
8857
9687
547
2042
8202
1346
7119
250
7525
7878
7569
1349
762
920
9669
233
4378
9253
3422
2091
3242
1905
2616
4922
2370
8051
7369
3380
7419
1985
8692
7485
1489
3493
677
6500
2043
7330
4306
868
984
1133
488
3088
4289
4423
1206
1087
7044
5059
75
7994
7919
6426
6550
261
3562
6261
467
1509
9210
3372
541
4819
1385
1527
1808
2846
4227
1240
9366
6289
8319
7903
6459
2079
6906
5417
4529
8139
9082
8009
7983
8343
7556
2978
7425
9110
8347
2024
7750
6867
4699
6668
852
8614
3478
4703
2041
6705
9256
6728
6634
42
4795
8709
5866
6654
7837
218
437
6974
2810
2284
9347
7251
4107
2944
3462
2280
3585
3935
4517
2310
3893
9016
2840
244
165
2648
7374
7618
4791
41
5955
3082
8620
4845
1310
2065
9899
5051
4680
8019
3976
7451
795
8259
6754
2867
2000
2476
3436
8169
5354
1347
7093
5022
4286
8362
2642
2485
7711
7865
137
1948
640
710
5385
7157
481
6188
6712
3440
7016
2399
4984
8870
9644
7557
5425
2999
7180
1471
3720
4805
4140
9040
6883
9139
8210
3263
1712
1732
1506
8778
1461
837
3204
7344
3006
7191
2187
8695
955
8115
5722
4931
3689
5056
3201
3827
6643
6024
7943
769
2897
7299
8546
4891
3064
8696
6528
3343
3366
9390
3542
8650
6910
9233
6658
5622
1017
7665
4114
8628
6221
9357
1469
6649
285
1582
52
1788
2924
5467
4649
9510
3229
611
8108
3352
2460
5592
2788
7176
8569
8168
9061
6362
5128
433
7031
3311
7351
7148
5659
9391
3494
9133
9138
9645
6429
6357
8503
428
9227
7510
1736
5246
6761
3522
5509
8272
5935
8819
3194
780
5172
9706
3228
2183
4106
6031
4944
5820
1194
6365
630
3654
9742
4341
4317
2141
7999
899
356
5318
9454
6448
7006
3760
7666
723
6576
5686
3122
833
7284
7498
8523
1197
7261
8269
1611
1353
6522
3150
5860
7709
1308
4243
1243
3168
3301
3600
7925
3925
5885
419
6844
8745
1066
1445
9730
9745
6279
3081
161
4713
7698
8024
2826
1783
6944
8103
5974
742
9085
5943
1198
8345
2787
6932
6183
9980
9737
373
3104
8748
8564
6076
6968
9179
4174
4090
9137
9465
5202
7231
3863
4683
7313
8914
4437
113
9234
5643
5855
8619
2448
1935
4139
7668
6505
6413
2184
4158
809
7175
6510
414
7887
3584
2240
9506
5749
9371
4258
983
3661
1591
1778
9665
425
7193
5377
9426
6462
7900
1795
5564
3234
4149
6318
5228
6077
9460
1531
6503
5244
7111
375
8608
8549
6600
8789
1162
535
8359
946
5915
9249
7415
7638
3856
3483
3050
1028
2058
2119
4001
9059
8492
850
1187
1860
7585
1974
9806
8061
1836
2886
7339
5892
4163
5761
6432
6526
1593
4210
5887
5018
96
889
7130
1234
1589
9896
1989
1998
9436
8836
9476
5857
1647
3913
5108
7879
6454
7605
1895
8708
2382
8813
1172
8490
3227
3623
2995
6679
8649
5602
5982
224
1082
9805
2101
5357
4621
9625
3339
4561
5785
1339
1771
8493
1892
3225
5962
49
9707
8509
5940
2291
9312
8170
4627
568
6406
1330
1782
206
2282
2133
806
3240
8260
4263
3092
6455
5089
7534
8126
7583
7032
6222
2417
4648
6100
4702
8575
9612
5958
6119
6415
659
778
4121
6852
6866
2584
9001
7584
8977
3042
6144
5096
661
1372
5335
9743
1632
1006
1765
9194
8174
4236
3147
8585
2735
7807
2671
830
3631
2740
4334
4572
8010
5606
6383
4578
2270
5428
2651
5765
727
5570
8070
1057
8552
1301
2796
1967
7236
5515
23
4565
3744
7628
8221
2923
7540
3520
1524
2638
4645
9022
2416
9832
717
364
9301
3901
4520
2480
5101
1031
3966
781
7124
6810
8678
171
2647
1163
5464
5666
1959
4894
11
160
287
9837
5157
387
4312
9603
4211
1814
9091
8158
4861
738
7247
4908
693
9337
4463
2056
3349
1282
3241
8124
3386
2094
5475
9173
1585
9068
4732
4526
3290
5247
4992
8547
8769
5080
2573
7320
8735
2820
9284
5611
6200
4555
8958
6435
9636
5508
3293
6015
2308
1416
4605
7760
3023
2871
2309
9403
7868
9834
1634
5522
413
424
2726
1417
6224
507
5087
499
2414
8626
9002
8594
5579
7790
5098
5238
1793
2277
5582
6924
6651
2816
9356
7235
765
3099
9230
1803
477
4842
8421
972
2567
9894
4062
956
8197
6458
7189
4885
1250
6374
1095
1011
7478
4701
3287
6871
9857
1609
9550
6411
730
7475
6972
8084
9081
8677
2620
7456
7338
6709
9032
1093
758
4742
8658
7522
7667
9142
370
4044
5782
7762
2423
1357
3806
9773
8959
4129
7901
7337
4310
5817
3340
5560
6466
6191
5899
8506
4955
8986
2478
5754
9151
779
4384
7273
9048
5451
579
790
5473
1246
374
9370
2595
415
4883
1761
882
1248
4963
8186
8279
8935
4154
5283
2361
3356
5880
9893
7804
166
4110
6329
6202
377
4037
8091
7187
9315
6948
3575
9792
2385
7214
8074
5926
8199
1853
3258
1038
5493
9876
2400
8039
5249
6274
6539
3652
191
1215
937
4298
9405
4259
5118
162
1747
4351
6674
567
6962
8639
1923
8702
6096
3289
2921
9017
6088
8233
6471
8764
961
4991
3507
3832
4256
8567
5692
4034
7012
3819
7602
4077
4401
4905
3195
2078
3084
98
3439
1041
3294
4792
1008
6854
1352
3109
7465
4738
3272
8042
8335
9582
5826
420
351
2714
4803
9466
176
8250
7275
8675
3613
969
447
1907
4273
7190
4015
6961
2010
6266
3212
3484
7110
1776
3321
3596
1894
4462
4620
5005
2571
5876
8081
3128
1055
9388
6143
5274
1401
5281
3771
4382
6305
796
6726
5815
2952
6975
4229
6377
613
7083
6812
1994
4469
1837
6130
3388
9874
8694
2760
8491
1630
3489
9269
5990
7874
721
3958
9542
2419
3937
6179
6824
1946
3526
4533
434
802
9555
959
386
6058
1521
6332
4455
8803
9940
9741
5646
3049
6868
7219
8322
7513
1777
6359
4662
2500
9242
9904
1394
3345
3524
504
9140
6784
2822
3033
5103
3048
201
7109
2552
6828
5995
8417
5832
4458
6244
2957
4433
2913
8835
475
501
7871
4588
7030
6267
1926
127
6732
1943
5839
8855
4740
5898
9982
5809
5019
8055
5095
8236
521
4475
3782
6595
9618
9130
9321
5353
520
5658
5968
931
2769
3063
6057
2096
9979
3254
5291
2130
5678
7017
4512
2097
732
4508
1070
9841
6038
6249
6588
8442
3876
1257
1897
3973
8611
2940
276
2619
7710
5691
8142
3807
3365
4153
1920
888
3482
5264
2712
258
8357
9828
7203
4381
1877
4996
1767
5106
7442
996
4295
4976
662
4482
2488
4357
3647
4067
1616
9279
183
2970
4728
7239
1833
1706
885
2221
4009
9567
5207
8146
8796
2532
5908
6919
2227
9927
1988
9959
5410
1261
1670
2589
8848
3529
6701
6300
822
3853
9943
9037
587
3342
5239
658
3499
4063
9653
8156
3670
8758
2252
7716
8463
6395
4031
7970
7802
8802
7846
7436
3149
3831
814
1142
8313
1169
715
7796
2920
6680
6271
1654
7186
8157
2140
3185
2335
1683
6956
5388
177
557
8861
522
8981
1784
8425
4809
6570
4406
9758
6052
4590
4282
9147
6286
3950
4251
4595
7265
3534
7311
8120
9057
5661
343
39
2217
6285
273
8255
8144
2759
27
1780
827
7429
6507
9350
6626
61
3387
8175
8787
5309
5099
9236
7883
9995
9944
2617
6610
100
3248
4424
8823
9546
9614
6235
9013
445
2111
2099
7223
7080
2393
5718
5433
149
120
550
5395
1873
3904
9676
2875
990
4501
7493
3253
6541
7962
8642
2180
1484
7676
7393
4939
2273
2477
9647
6895
1906
3890
914
6122
1846
5557
7551
5367
1492
1365
4168
7449
6401
5440
8588
7276
8681
7078
6059
791
4655
1914
1273
1716
3715
3740
1737
7680
3523
421
5530
1247
7564
502
7028
1227
9282
7279
6652
8780
8976
361
3790
3558
3857
2204
1019
2151
5585
8229
989
2300
1024
4134
3646
7799
9929
5389
7902
1879
2779
7479
7630
6624
7150
4352
585
3121
4290
8082
6416
9143
6925
6695
1171
8838
138
9508
2599
1439
3200
9602
1797
6521
1584
2345
3330
7491
1297
4709
9720
9127
3602
3165
9581
6163
6730
1785
2466
626
4493
7020
7909
3705
8218
9145
3184
5635
3813
3161
9858
1065
3316
6581
3326
9627
8974
6218
6603
79
7814
8377
