114
847
975
864
885
359
113
745
595
506
969
829
639
616
856
580
770
819
723
931
457
203
24
920
215
522
543
187
293
453
68
491
604
487
703
178
998
86
106
908
413
314
239
973
44
870
557
212
144
283
498
790
977
716
201
689
289
774
87
386
841
593
641
544
5
500
61
3
343
65
27
749
541
374
216
767
676
76
419
299
395
363
628
860
597
194
893
307
650
40
901
109
463
236
943
775
564
22
49
118
771
190
226
305
695
568
309
475
424
142
30
145
835
615
278
171
323
384
974
102
483
32
673
961
670
640
734
99
701
948
69
996
301
572
768
657
103
991
97
831
432
75
196
47
942
529
328
800
325
531
124
906
421
156
937
539
903
259
758
748
519
280
25
601
910
652
553
9
929
778
287
80
772
177
455
26
962
172
694
913
448
464
466
398
840
240
127
630
53
946
788
965
803
221
591
155
667
821
391
71
228
271
808
668
186
252
834
545
445
958
366
570
627
964
160
883
784
179
444
607
59
609
78
798
496
599
225
229
334
984
348
192
336
435
317
467
251
322
469
290
300
443
292
766
436
223
933
552
313
833
938
285
542
389
649
859
930
791
783
895
855
149
486
508
613
547
499
726
861
387
753
400
368
698
56
347
722
458
218
530
45
372
167
655
246
820
659
934
81
181
12
153
166
665
532
514
231
755
48
355
428
706
288
960
365
138
677
602
624
93
968
752
876
782
789
490
729
286
148
484
911
621
594
923
592
813
524
375
273
844
277
583
827
243
205
163
360
590
4
350
874
727
535
967
902
979
414
786
405
944
168
661
66
505
852
183
272
797
907
999
451
440
369
536
52
244
311
284
407
438
878
854
270
731
760
875
787
339
111
346
555
312
546
340
189
708
409
577
513
10
614
872
345
638
921
77
404
60
164
681
465
889
799
822
349
646
139
725
747
721
479
982
98
441
785
707
656
402
637
140
318
133
476
330
634
262
72
699
857
623
352
430
112
527
399
234
157
396
955
700
141
653
397
538
258
611
247
170
6
735
881
174
686
690
131
899
471
685
836
394
62
304
29
120
662
357
805
879
773
738
210
897
310
763
898
645
105
248
939
578
869
764
957
449
57
176
367
84
610
253
456
123
569
589
7
245
134
863
198
377
947
714
427
533
894
493
450
296
994
574
796
935
516
150
185
263
255
21
180
867
227
918
845
276
268
556
963
988
548
534
575
926
14
446
587
779
121
110
390
58
324
55
16
837
825
321
266
392
501
625
584
378
567
197
909
518
73
680
560
983
214
924
90
528
42
361
320
644
200
208
494
678
473
173
617
92
382
117
717
297
807
802
358
724
291
945
481
162
914
684
525
754
15
795
972
540
128
932
839
526
108
331
85
917
769
925
890
882
371
337
230
815
992
713
666
295
648
354
892
980
298
865
442
19
582
165
959
759
175
67
39
281
928
83
412
95
199
261
308
739
586
954
664
886
916
573
184
674
940
631
233
512
241
868
202
826
353
401
94
989
302
804
919
50
89
319
633
265
704
971
810
780
28
406
137
995
620
561
626
43
342
905
970
743
806
571
46
70
129
256
880
8
848
757
510
993
978
411
579
275
423
206
269
232
600
585
403
477
732
418
697
636
733
781
776
338
523
351
922
562
159
492
504
710
462
740
728
888
333
741
79
235
11
64
997
824
891
598
744
730
415
756
702
31
832
683
356
696
709
816
550
705
169
719
267
953
437
551
927
119
329
777
520
82
563
482
250
489
264
193
37
422
966
195
502
485
956
693
316
559
38
588
912
161
341
460
811
306
750
416
838
712
433
884
431
663
434
765
605
380
91
828
843
873
635
554
158
135
388
146
209
896
558
654
515
468
373
495
74
417
115
130
478
470
379
761
793
691
862
104
842
474
612
643
143
817
503
629
941
151
426
497
549
622
736
509
511
818
96
658
107
410
33
364
682
383
814
452
521
846
981
792
517
596
809
950
279
447
692
327
100
385
439
303
35
51
849
887
254
191
472
877
126
34
608
122
669
858
949
224
362
344
718
13
742
116
850
936
152
220
332
566
315
737
651
871
36
951
242
420
679
425
335
618
794
976
211
459
866
393
408
853
188
1000
990
222
904
217
2
204
688
249
576
461
812
429
370
213
207
537
762
88
986
823
801
746
376
619
125
18
238
41
675
720
219
54
154
687
257
581
671
136
274
63
488
952
987
660
915
17
147
23
20
565
606
1
830
985
751
282
101
900
381
711
480
603
237
326
507
672
851
647
715
132
260
632
294
182
642
454
